-4.116959989070892445e-01 -2.509310245513912130e-01 5.603259995579719099e-01
-4.116959989070892445e-01 -2.009310245513912241e-01 5.103259995579718655e-01
-4.116959989070892445e-01 -2.009310245513912241e-01 5.603259995579719099e-01
-4.116959989070892445e-01 -2.009310245513912241e-01 6.103259995579719543e-01
-4.116959989070892445e-01 -1.509310245513912352e-01 5.103259995579718655e-01
-4.116959989070892445e-01 -1.509310245513912352e-01 5.603259995579719099e-01
-4.116959989070892445e-01 -1.509310245513912352e-01 6.103259995579719543e-01
-4.116959989070892445e-01 -1.509310245513912352e-01 6.603259995579719988e-01
-4.116959989070892445e-01 -1.009310245513912324e-01 5.103259995579718655e-01
-4.116959989070892445e-01 -1.009310245513912324e-01 5.603259995579719099e-01
-4.116959989070892445e-01 -1.009310245513912324e-01 6.103259995579719543e-01
-4.116959989070892445e-01 -1.009310245513912324e-01 6.603259995579719988e-01
-4.116959989070892445e-01 -5.093102455139122964e-02 5.103259995579718655e-01
-4.116959989070892445e-01 -5.093102455139122964e-02 5.603259995579719099e-01
-4.116959989070892445e-01 -5.093102455139122964e-02 6.103259995579719543e-01
-4.116959989070892445e-01 -5.093102455139122964e-02 6.603259995579719988e-01
-4.116959989070892445e-01 -9.310245513912268622e-04 4.603259995579718766e-01
-4.116959989070892445e-01 -9.310245513912268622e-04 5.103259995579718655e-01
-4.116959989070892445e-01 -9.310245513912268622e-04 5.603259995579719099e-01
-4.116959989070892445e-01 -9.310245513912268622e-04 6.103259995579719543e-01
-4.116959989070892445e-01 -9.310245513912268622e-04 6.603259995579719988e-01
-4.116959989070892445e-01 4.906897544860877591e-02 5.103259995579718655e-01
-4.116959989070892445e-01 4.906897544860877591e-02 5.603259995579719099e-01
-4.116959989070892445e-01 4.906897544860877591e-02 6.103259995579719543e-01
-4.116959989070892445e-01 4.906897544860877591e-02 6.603259995579719988e-01
-4.116959989070892445e-01 9.906897544860877869e-02 5.103259995579718655e-01
-4.116959989070892445e-01 9.906897544860877869e-02 5.603259995579719099e-01
-4.116959989070892445e-01 9.906897544860877869e-02 6.103259995579719543e-01
-4.116959989070892445e-01 9.906897544860877869e-02 6.603259995579719988e-01
-4.116959989070892445e-01 1.490689754486087815e-01 5.103259995579718655e-01
-4.116959989070892445e-01 1.490689754486087815e-01 5.603259995579719099e-01
-4.116959989070892445e-01 1.490689754486087815e-01 6.103259995579719543e-01
-4.116959989070892445e-01 1.490689754486087815e-01 6.603259995579719988e-01
-4.116959989070892445e-01 1.990689754486087981e-01 5.103259995579718655e-01
-4.116959989070892445e-01 1.990689754486087981e-01 5.603259995579719099e-01
-4.116959989070892445e-01 1.990689754486087981e-01 6.103259995579719543e-01
-4.116959989070892445e-01 2.490689754486087870e-01 5.603259995579719099e-01
-3.616959989070892556e-01 -5.009310245513911575e-01 5.603259995579719099e-01
-3.616959989070892556e-01 -4.509310245513911686e-01 5.103259995579718655e-01
-3.616959989070892556e-01 -4.509310245513911686e-01 5.603259995579719099e-01
-3.616959989070892556e-01 -4.509310245513911686e-01 6.103259995579719543e-01
-3.616959989070892556e-01 -4.009310245513911797e-01 4.603259995579718766e-01
-3.616959989070892556e-01 -4.009310245513911797e-01 5.103259995579718655e-01
-3.616959989070892556e-01 -4.009310245513911797e-01 5.603259995579719099e-01
-3.616959989070892556e-01 -4.009310245513911797e-01 6.103259995579719543e-01
-3.616959989070892556e-01 -4.009310245513911797e-01 6.603259995579719988e-01
-3.616959989070892556e-01 -3.509310245513911908e-01 4.603259995579718766e-01
-3.616959989070892556e-01 -3.509310245513911908e-01 5.103259995579718655e-01
-3.616959989070892556e-01 -3.509310245513911908e-01 5.603259995579719099e-01
-3.616959989070892556e-01 -3.509310245513911908e-01 6.103259995579719543e-01
-3.616959989070892556e-01 -3.509310245513911908e-01 6.603259995579719988e-01
-3.616959989070892556e-01 -3.509310245513911908e-01 7.103259995579720432e-01
-3.616959989070892556e-01 -3.009310245513912019e-01 4.103259995579718877e-01
-3.616959989070892556e-01 -3.009310245513912019e-01 4.603259995579718766e-01
-3.616959989070892556e-01 -3.009310245513912019e-01 5.103259995579718655e-01
-3.616959989070892556e-01 -3.009310245513912019e-01 5.603259995579719099e-01
-3.616959989070892556e-01 -3.009310245513912019e-01 6.103259995579719543e-01
-3.616959989070892556e-01 -3.009310245513912019e-01 6.603259995579719988e-01
-3.616959989070892556e-01 -3.009310245513912019e-01 7.103259995579720432e-01
-3.616959989070892556e-01 -2.509310245513912130e-01 4.103259995579718877e-01
-3.616959989070892556e-01 -2.509310245513912130e-01 4.603259995579718766e-01
-3.616959989070892556e-01 -2.509310245513912130e-01 6.603259995579719988e-01
-3.616959989070892556e-01 -2.509310245513912130e-01 7.103259995579720432e-01
-3.616959989070892556e-01 -2.009310245513912241e-01 4.103259995579718877e-01
-3.616959989070892556e-01 -2.009310245513912241e-01 4.603259995579718766e-01
-3.616959989070892556e-01 -2.009310245513912241e-01 7.103259995579720432e-01
-3.616959989070892556e-01 -2.009310245513912241e-01 7.603259995579720876e-01
-3.616959989070892556e-01 -1.509310245513912352e-01 4.103259995579718877e-01
-3.616959989070892556e-01 -1.509310245513912352e-01 7.103259995579720432e-01
-3.616959989070892556e-01 -1.509310245513912352e-01 7.603259995579720876e-01
-3.616959989070892556e-01 -1.009310245513912324e-01 3.603259995579718988e-01
-3.616959989070892556e-01 -1.009310245513912324e-01 4.103259995579718877e-01
-3.616959989070892556e-01 -1.009310245513912324e-01 7.603259995579720876e-01
-3.616959989070892556e-01 -5.093102455139122964e-02 3.603259995579718988e-01
-3.616959989070892556e-01 -5.093102455139122964e-02 4.103259995579718877e-01
-3.616959989070892556e-01 -5.093102455139122964e-02 7.603259995579720876e-01
-3.616959989070892556e-01 -9.310245513912268622e-04 3.603259995579718988e-01
-3.616959989070892556e-01 -9.310245513912268622e-04 4.103259995579718877e-01
-3.616959989070892556e-01 -9.310245513912268622e-04 7.103259995579720432e-01
-3.616959989070892556e-01 -9.310245513912268622e-04 7.603259995579720876e-01
-3.616959989070892556e-01 4.906897544860877591e-02 3.603259995579718988e-01
-3.616959989070892556e-01 4.906897544860877591e-02 4.103259995579718877e-01
-3.616959989070892556e-01 4.906897544860877591e-02 7.103259995579720432e-01
-3.616959989070892556e-01 4.906897544860877591e-02 7.603259995579720876e-01
-3.616959989070892556e-01 9.906897544860877869e-02 3.603259995579718988e-01
-3.616959989070892556e-01 9.906897544860877869e-02 4.103259995579718877e-01
-3.616959989070892556e-01 9.906897544860877869e-02 7.103259995579720432e-01
-3.616959989070892556e-01 9.906897544860877869e-02 7.603259995579720876e-01
-3.616959989070892556e-01 1.490689754486087815e-01 4.103259995579718877e-01
-3.616959989070892556e-01 1.490689754486087815e-01 7.103259995579720432e-01
-3.616959989070892556e-01 1.490689754486087815e-01 7.603259995579720876e-01
-3.616959989070892556e-01 1.990689754486087981e-01 4.103259995579718877e-01
-3.616959989070892556e-01 1.990689754486087981e-01 4.603259995579718766e-01
-3.616959989070892556e-01 1.990689754486087981e-01 6.603259995579719988e-01
-3.616959989070892556e-01 1.990689754486087981e-01 7.103259995579720432e-01
-3.616959989070892556e-01 1.990689754486087981e-01 7.603259995579720876e-01
-3.616959989070892556e-01 2.490689754486087870e-01 4.103259995579718877e-01
-3.616959989070892556e-01 2.490689754486087870e-01 4.603259995579718766e-01
-3.616959989070892556e-01 2.490689754486087870e-01 6.603259995579719988e-01
-3.616959989070892556e-01 2.490689754486087870e-01 7.103259995579720432e-01
-3.616959989070892556e-01 2.990689754486087759e-01 4.103259995579718877e-01
-3.616959989070892556e-01 2.990689754486087759e-01 4.603259995579718766e-01
-3.616959989070892556e-01 2.990689754486087759e-01 5.103259995579718655e-01
-3.616959989070892556e-01 2.990689754486087759e-01 5.603259995579719099e-01
-3.616959989070892556e-01 2.990689754486087759e-01 6.103259995579719543e-01
-3.616959989070892556e-01 2.990689754486087759e-01 6.603259995579719988e-01
-3.616959989070892556e-01 2.990689754486087759e-01 7.103259995579720432e-01
-3.616959989070892556e-01 3.490689754486087648e-01 4.603259995579718766e-01
-3.616959989070892556e-01 3.490689754486087648e-01 5.103259995579718655e-01
-3.616959989070892556e-01 3.490689754486087648e-01 5.603259995579719099e-01
-3.616959989070892556e-01 3.490689754486087648e-01 6.103259995579719543e-01
-3.616959989070892556e-01 3.490689754486087648e-01 6.603259995579719988e-01
-3.616959989070892556e-01 3.490689754486087648e-01 7.103259995579720432e-01
-3.616959989070892556e-01 3.990689754486087537e-01 4.603259995579718766e-01
-3.616959989070892556e-01 3.990689754486087537e-01 5.103259995579718655e-01
-3.616959989070892556e-01 3.990689754486087537e-01 5.603259995579719099e-01
-3.616959989070892556e-01 3.990689754486087537e-01 6.103259995579719543e-01
-3.616959989070892556e-01 3.990689754486087537e-01 6.603259995579719988e-01
-3.616959989070892556e-01 4.490689754486087426e-01 5.103259995579718655e-01
-3.616959989070892556e-01 4.490689754486087426e-01 5.603259995579719099e-01
-3.616959989070892556e-01 4.490689754486087426e-01 6.103259995579719543e-01
-3.616959989070892556e-01 4.990689754486087315e-01 5.603259995579719099e-01
-3.116959989070892667e-01 -6.009310245513912463e-01 5.103259995579718655e-01
-3.116959989070892667e-01 -6.009310245513912463e-01 5.603259995579719099e-01
-3.116959989070892667e-01 -6.009310245513912463e-01 6.103259995579719543e-01
-3.116959989070892667e-01 -6.009310245513912463e-01 6.603259995579719988e-01
-3.116959989070892667e-01 -5.509310245513912019e-01 4.603259995579718766e-01
-3.116959989070892667e-01 -5.509310245513912019e-01 5.103259995579718655e-01
-3.116959989070892667e-01 -5.509310245513912019e-01 5.603259995579719099e-01
-3.116959989070892667e-01 -5.509310245513912019e-01 6.103259995579719543e-01
-3.116959989070892667e-01 -5.509310245513912019e-01 6.603259995579719988e-01
-3.116959989070892667e-01 -5.009310245513911575e-01 4.103259995579718877e-01
-3.116959989070892667e-01 -5.009310245513911575e-01 4.603259995579718766e-01
-3.116959989070892667e-01 -5.009310245513911575e-01 5.103259995579718655e-01
-3.116959989070892667e-01 -5.009310245513911575e-01 6.603259995579719988e-01
-3.116959989070892667e-01 -5.009310245513911575e-01 7.103259995579720432e-01
-3.116959989070892667e-01 -4.509310245513911686e-01 4.103259995579718877e-01
-3.116959989070892667e-01 -4.509310245513911686e-01 7.603259995579720876e-01
-3.116959989070892667e-01 -4.009310245513911797e-01 3.603259995579718988e-01
-3.116959989070892667e-01 -4.009310245513911797e-01 7.603259995579720876e-01
-3.116959989070892667e-01 -3.509310245513911908e-01 3.603259995579718988e-01
-3.116959989070892667e-01 -3.509310245513911908e-01 7.603259995579720876e-01
-3.116959989070892667e-01 -3.009310245513912019e-01 3.603259995579718988e-01
-3.116959989070892667e-01 -3.009310245513912019e-01 8.103259995579721320e-01
-3.116959989070892667e-01 -2.509310245513912130e-01 3.603259995579718988e-01
-3.116959989070892667e-01 -2.509310245513912130e-01 8.103259995579721320e-01
-3.116959989070892667e-01 -2.009310245513912241e-01 3.103259995579719099e-01
-3.116959989070892667e-01 -2.009310245513912241e-01 8.103259995579721320e-01
-3.116959989070892667e-01 -1.509310245513912352e-01 3.103259995579719099e-01
-3.116959989070892667e-01 -1.509310245513912352e-01 8.103259995579721320e-01
-3.116959989070892667e-01 -1.009310245513912324e-01 3.103259995579719099e-01
-3.116959989070892667e-01 -1.009310245513912324e-01 8.103259995579721320e-01
-3.116959989070892667e-01 -5.093102455139122964e-02 3.103259995579719099e-01
-3.116959989070892667e-01 -5.093102455139122964e-02 8.103259995579721320e-01
-3.116959989070892667e-01 -9.310245513912268622e-04 3.103259995579719099e-01
-3.116959989070892667e-01 -9.310245513912268622e-04 8.103259995579721320e-01
-3.116959989070892667e-01 4.906897544860877591e-02 3.103259995579719099e-01
-3.116959989070892667e-01 4.906897544860877591e-02 8.103259995579721320e-01
-3.116959989070892667e-01 9.906897544860877869e-02 3.103259995579719099e-01
-3.116959989070892667e-01 9.906897544860877869e-02 8.103259995579721320e-01
-3.116959989070892667e-01 1.490689754486087815e-01 3.103259995579719099e-01
-3.116959989070892667e-01 1.490689754486087815e-01 8.103259995579721320e-01
-3.116959989070892667e-01 1.990689754486087981e-01 3.103259995579719099e-01
-3.116959989070892667e-01 1.990689754486087981e-01 8.103259995579721320e-01
-3.116959989070892667e-01 2.490689754486087870e-01 3.603259995579718988e-01
-3.116959989070892667e-01 2.490689754486087870e-01 8.103259995579721320e-01
-3.116959989070892667e-01 2.990689754486087759e-01 3.603259995579718988e-01
-3.116959989070892667e-01 2.990689754486087759e-01 8.103259995579721320e-01
-3.116959989070892667e-01 3.490689754486087648e-01 3.603259995579718988e-01
-3.116959989070892667e-01 3.490689754486087648e-01 7.603259995579720876e-01
-3.116959989070892667e-01 3.990689754486087537e-01 3.603259995579718988e-01
-3.116959989070892667e-01 3.990689754486087537e-01 7.603259995579720876e-01
-3.116959989070892667e-01 4.490689754486087426e-01 4.103259995579718877e-01
-3.116959989070892667e-01 4.490689754486087426e-01 7.103259995579720432e-01
-3.116959989070892667e-01 4.490689754486087426e-01 7.603259995579720876e-01
-3.116959989070892667e-01 4.990689754486087315e-01 4.103259995579718877e-01
-3.116959989070892667e-01 4.990689754486087315e-01 4.603259995579718766e-01
-3.116959989070892667e-01 4.990689754486087315e-01 7.103259995579720432e-01
-3.116959989070892667e-01 5.490689754486087759e-01 4.603259995579718766e-01
-3.116959989070892667e-01 5.490689754486087759e-01 5.103259995579718655e-01
-3.116959989070892667e-01 5.490689754486087759e-01 5.603259995579719099e-01
-3.116959989070892667e-01 5.490689754486087759e-01 6.103259995579719543e-01
-3.116959989070892667e-01 5.490689754486087759e-01 6.603259995579719988e-01
-3.116959989070892667e-01 5.490689754486087759e-01 7.103259995579720432e-01
-3.116959989070892667e-01 5.990689754486088203e-01 5.103259995579718655e-01
-3.116959989070892667e-01 5.990689754486088203e-01 5.603259995579719099e-01
-3.116959989070892667e-01 5.990689754486088203e-01 6.103259995579719543e-01
-3.116959989070892667e-01 5.990689754486088203e-01 6.603259995579719988e-01
-2.616959989070892778e-01 -7.009310245513913351e-01 5.103259995579718655e-01
-2.616959989070892778e-01 -7.009310245513913351e-01 5.603259995579719099e-01
-2.616959989070892778e-01 -7.009310245513913351e-01 6.103259995579719543e-01
-2.616959989070892778e-01 -7.009310245513913351e-01 6.603259995579719988e-01
-2.616959989070892778e-01 -6.509310245513912907e-01 4.603259995579718766e-01
-2.616959989070892778e-01 -6.509310245513912907e-01 5.103259995579718655e-01
-2.616959989070892778e-01 -6.509310245513912907e-01 6.603259995579719988e-01
-2.616959989070892778e-01 -6.509310245513912907e-01 7.103259995579720432e-01
-2.616959989070892778e-01 -6.009310245513912463e-01 4.103259995579718877e-01
-2.616959989070892778e-01 -5.509310245513912019e-01 3.603259995579718988e-01
-2.616959989070892778e-01 -5.509310245513912019e-01 7.603259995579720876e-01
-2.616959989070892778e-01 -5.009310245513911575e-01 3.603259995579718988e-01
-2.616959989070892778e-01 -5.009310245513911575e-01 8.103259995579721320e-01
-2.616959989070892778e-01 -4.509310245513911686e-01 8.103259995579721320e-01
-2.616959989070892778e-01 -4.009310245513911797e-01 3.103259995579719099e-01
-2.616959989070892778e-01 -4.009310245513911797e-01 8.103259995579721320e-01
-2.616959989070892778e-01 -3.509310245513911908e-01 3.103259995579719099e-01
-2.616959989070892778e-01 -3.509310245513911908e-01 8.603259995579721764e-01
-2.616959989070892778e-01 -3.009310245513912019e-01 3.103259995579719099e-01
-2.616959989070892778e-01 -3.009310245513912019e-01 8.603259995579721764e-01
-2.616959989070892778e-01 -2.509310245513912130e-01 8.603259995579721764e-01
-2.616959989070892778e-01 -2.009310245513912241e-01 2.603259995579719210e-01
-2.616959989070892778e-01 -2.009310245513912241e-01 8.603259995579721764e-01
-2.616959989070892778e-01 -1.509310245513912352e-01 2.603259995579719210e-01
-2.616959989070892778e-01 -1.509310245513912352e-01 8.603259995579721764e-01
-2.616959989070892778e-01 -1.009310245513912324e-01 2.603259995579719210e-01
-2.616959989070892778e-01 -1.009310245513912324e-01 8.603259995579721764e-01
-2.616959989070892778e-01 -5.093102455139122964e-02 2.603259995579719210e-01
-2.616959989070892778e-01 -5.093102455139122964e-02 8.603259995579721764e-01
-2.616959989070892778e-01 -9.310245513912268622e-04 2.603259995579719210e-01
-2.616959989070892778e-01 -9.310245513912268622e-04 8.603259995579721764e-01
-2.616959989070892778e-01 4.906897544860877591e-02 2.603259995579719210e-01
-2.616959989070892778e-01 4.906897544860877591e-02 8.603259995579721764e-01
-2.616959989070892778e-01 9.906897544860877869e-02 2.603259995579719210e-01
-2.616959989070892778e-01 9.906897544860877869e-02 8.603259995579721764e-01
-2.616959989070892778e-01 1.490689754486087815e-01 2.603259995579719210e-01
-2.616959989070892778e-01 1.490689754486087815e-01 8.603259995579721764e-01
-2.616959989070892778e-01 1.990689754486087981e-01 2.603259995579719210e-01
-2.616959989070892778e-01 1.990689754486087981e-01 8.603259995579721764e-01
-2.616959989070892778e-01 2.490689754486087870e-01 2.603259995579719210e-01
-2.616959989070892778e-01 2.490689754486087870e-01 8.603259995579721764e-01
-2.616959989070892778e-01 2.990689754486087759e-01 8.603259995579721764e-01
-2.616959989070892778e-01 3.490689754486087648e-01 3.103259995579719099e-01
-2.616959989070892778e-01 3.490689754486087648e-01 8.603259995579721764e-01
-2.616959989070892778e-01 3.990689754486087537e-01 3.103259995579719099e-01
-2.616959989070892778e-01 4.490689754486087426e-01 8.103259995579721320e-01
-2.616959989070892778e-01 4.990689754486087315e-01 3.603259995579718988e-01
-2.616959989070892778e-01 4.990689754486087315e-01 8.103259995579721320e-01
-2.616959989070892778e-01 5.490689754486087759e-01 3.603259995579718988e-01
-2.616959989070892778e-01 5.490689754486087759e-01 7.603259995579720876e-01
-2.616959989070892778e-01 5.990689754486088203e-01 4.103259995579718877e-01
-2.616959989070892778e-01 5.990689754486088203e-01 7.603259995579720876e-01
-2.616959989070892778e-01 6.490689754486088647e-01 4.603259995579718766e-01
-2.616959989070892778e-01 6.490689754486088647e-01 6.603259995579719988e-01
-2.616959989070892778e-01 6.490689754486088647e-01 7.103259995579720432e-01
-2.616959989070892778e-01 6.990689754486089091e-01 5.103259995579718655e-01
-2.616959989070892778e-01 6.990689754486089091e-01 5.603259995579719099e-01
-2.616959989070892778e-01 6.990689754486089091e-01 6.103259995579719543e-01
-2.616959989070892778e-01 6.990689754486089091e-01 6.603259995579719988e-01
-2.116959989070892889e-01 -8.009310245513914239e-01 5.103259995579718655e-01
-2.116959989070892889e-01 -8.009310245513914239e-01 5.603259995579719099e-01
-2.116959989070892889e-01 -8.009310245513914239e-01 6.103259995579719543e-01
-2.116959989070892889e-01 -7.509310245513913795e-01 4.603259995579718766e-01
-2.116959989070892889e-01 -7.509310245513913795e-01 5.103259995579718655e-01
-2.116959989070892889e-01 -7.509310245513913795e-01 6.603259995579719988e-01
-2.116959989070892889e-01 -7.509310245513913795e-01 7.103259995579720432e-01
-2.116959989070892889e-01 -7.009310245513913351e-01 4.103259995579718877e-01
-2.116959989070892889e-01 -6.509310245513912907e-01 3.603259995579718988e-01
-2.116959989070892889e-01 -6.509310245513912907e-01 7.603259995579720876e-01
-2.116959989070892889e-01 -6.009310245513912463e-01 3.603259995579718988e-01
-2.116959989070892889e-01 -6.009310245513912463e-01 8.103259995579721320e-01
-2.116959989070892889e-01 -5.509310245513912019e-01 3.103259995579719099e-01
-2.116959989070892889e-01 -5.509310245513912019e-01 8.103259995579721320e-01
-2.116959989070892889e-01 -5.009310245513911575e-01 3.103259995579719099e-01
-2.116959989070892889e-01 -4.509310245513911686e-01 8.603259995579721764e-01
-2.116959989070892889e-01 -4.009310245513911797e-01 2.603259995579719210e-01
-2.116959989070892889e-01 -4.009310245513911797e-01 8.603259995579721764e-01
-2.116959989070892889e-01 -3.509310245513911908e-01 2.603259995579719210e-01
-2.116959989070892889e-01 -3.509310245513911908e-01 8.603259995579721764e-01
-2.116959989070892889e-01 -3.009310245513912019e-01 2.603259995579719210e-01
-2.116959989070892889e-01 -3.009310245513912019e-01 9.103259995579722208e-01
-2.116959989070892889e-01 -2.509310245513912130e-01 2.603259995579719210e-01
-2.116959989070892889e-01 -2.509310245513912130e-01 9.103259995579722208e-01
-2.116959989070892889e-01 -2.009310245513912241e-01 2.603259995579719210e-01
-2.116959989070892889e-01 -2.009310245513912241e-01 9.103259995579722208e-01
-2.116959989070892889e-01 -1.509310245513912352e-01 9.103259995579722208e-01
-2.116959989070892889e-01 -1.009310245513912324e-01 2.103259995579719321e-01
-2.116959989070892889e-01 -1.009310245513912324e-01 9.103259995579722208e-01
-2.116959989070892889e-01 -5.093102455139122964e-02 2.103259995579719321e-01
-2.116959989070892889e-01 -5.093102455139122964e-02 9.103259995579722208e-01
-2.116959989070892889e-01 -9.310245513912268622e-04 2.103259995579719321e-01
-2.116959989070892889e-01 -9.310245513912268622e-04 9.103259995579722208e-01
-2.116959989070892889e-01 4.906897544860877591e-02 2.103259995579719321e-01
-2.116959989070892889e-01 4.906897544860877591e-02 9.103259995579722208e-01
-2.116959989070892889e-01 9.906897544860877869e-02 2.103259995579719321e-01
-2.116959989070892889e-01 9.906897544860877869e-02 9.103259995579722208e-01
-2.116959989070892889e-01 1.490689754486087815e-01 2.103259995579719321e-01
-2.116959989070892889e-01 1.490689754486087815e-01 9.103259995579722208e-01
-2.116959989070892889e-01 1.990689754486087981e-01 9.103259995579722208e-01
-2.116959989070892889e-01 2.490689754486087870e-01 2.603259995579719210e-01
-2.116959989070892889e-01 2.490689754486087870e-01 9.103259995579722208e-01
-2.116959989070892889e-01 2.990689754486087759e-01 2.603259995579719210e-01
-2.116959989070892889e-01 2.990689754486087759e-01 9.103259995579722208e-01
-2.116959989070892889e-01 3.490689754486087648e-01 2.603259995579719210e-01
-2.116959989070892889e-01 3.990689754486087537e-01 2.603259995579719210e-01
-2.116959989070892889e-01 3.990689754486087537e-01 8.603259995579721764e-01
-2.116959989070892889e-01 4.490689754486087426e-01 8.603259995579721764e-01
-2.116959989070892889e-01 4.990689754486087315e-01 3.103259995579719099e-01
-2.116959989070892889e-01 5.490689754486087759e-01 3.103259995579719099e-01
-2.116959989070892889e-01 5.490689754486087759e-01 8.103259995579721320e-01
-2.116959989070892889e-01 5.990689754486088203e-01 3.603259995579718988e-01
-2.116959989070892889e-01 5.990689754486088203e-01 8.103259995579721320e-01
-2.116959989070892889e-01 6.490689754486088647e-01 3.603259995579718988e-01
-2.116959989070892889e-01 6.490689754486088647e-01 7.603259995579720876e-01
-2.116959989070892889e-01 6.990689754486089091e-01 4.103259995579718877e-01
-2.116959989070892889e-01 7.490689754486089535e-01 4.603259995579718766e-01
-2.116959989070892889e-01 7.490689754486089535e-01 7.103259995579720432e-01
-2.116959989070892889e-01 7.990689754486089980e-01 5.103259995579718655e-01
-2.116959989070892889e-01 7.990689754486089980e-01 5.603259995579719099e-01
-2.116959989070892889e-01 7.990689754486089980e-01 6.103259995579719543e-01
-1.616959989070893000e-01 -8.509310245513914683e-01 5.103259995579718655e-01
-1.616959989070893000e-01 -8.509310245513914683e-01 5.603259995579719099e-01
-1.616959989070893000e-01 -8.509310245513914683e-01 6.103259995579719543e-01
-1.616959989070893000e-01 -8.009310245513914239e-01 7.103259995579720432e-01
-1.616959989070893000e-01 -7.509310245513913795e-01 7.603259995579720876e-01
-1.616959989070893000e-01 -7.009310245513913351e-01 3.603259995579718988e-01
-1.616959989070893000e-01 -6.509310245513912907e-01 8.103259995579721320e-01
-1.616959989070893000e-01 -6.009310245513912463e-01 3.103259995579719099e-01
-1.616959989070893000e-01 -5.509310245513912019e-01 8.603259995579721764e-01
-1.616959989070893000e-01 -5.009310245513911575e-01 2.603259995579719210e-01
-1.616959989070893000e-01 -5.009310245513911575e-01 8.603259995579721764e-01
-1.616959989070893000e-01 -4.509310245513911686e-01 2.603259995579719210e-01
-1.616959989070893000e-01 -4.009310245513911797e-01 2.603259995579719210e-01
-1.616959989070893000e-01 -4.009310245513911797e-01 9.103259995579722208e-01
-1.616959989070893000e-01 -3.509310245513911908e-01 9.103259995579722208e-01
-1.616959989070893000e-01 -3.009310245513912019e-01 2.103259995579719321e-01
-1.616959989070893000e-01 -3.009310245513912019e-01 9.103259995579722208e-01
-1.616959989070893000e-01 -2.509310245513912130e-01 2.103259995579719321e-01
-1.616959989070893000e-01 -2.509310245513912130e-01 9.103259995579722208e-01
-1.616959989070893000e-01 -2.009310245513912241e-01 2.103259995579719321e-01
-1.616959989070893000e-01 -1.509310245513912352e-01 2.103259995579719321e-01
-1.616959989070893000e-01 -1.009310245513912324e-01 2.103259995579719321e-01
-1.616959989070893000e-01 -1.009310245513912324e-01 9.603259995579722652e-01
-1.616959989070893000e-01 -5.093102455139122964e-02 2.103259995579719321e-01
-1.616959989070893000e-01 -5.093102455139122964e-02 9.603259995579722652e-01
-1.616959989070893000e-01 -9.310245513912268622e-04 2.103259995579719321e-01
-1.616959989070893000e-01 -9.310245513912268622e-04 9.603259995579722652e-01
-1.616959989070893000e-01 4.906897544860877591e-02 2.103259995579719321e-01
-1.616959989070893000e-01 4.906897544860877591e-02 9.603259995579722652e-01
-1.616959989070893000e-01 9.906897544860877869e-02 2.103259995579719321e-01
-1.616959989070893000e-01 9.906897544860877869e-02 9.603259995579722652e-01
-1.616959989070893000e-01 1.490689754486087815e-01 2.103259995579719321e-01
-1.616959989070893000e-01 1.990689754486087981e-01 2.103259995579719321e-01
-1.616959989070893000e-01 2.490689754486087870e-01 2.103259995579719321e-01
-1.616959989070893000e-01 2.490689754486087870e-01 9.103259995579722208e-01
-1.616959989070893000e-01 2.990689754486087759e-01 2.103259995579719321e-01
-1.616959989070893000e-01 2.990689754486087759e-01 9.103259995579722208e-01
-1.616959989070893000e-01 3.490689754486087648e-01 9.103259995579722208e-01
-1.616959989070893000e-01 3.990689754486087537e-01 2.603259995579719210e-01
-1.616959989070893000e-01 3.990689754486087537e-01 9.103259995579722208e-01
-1.616959989070893000e-01 4.490689754486087426e-01 2.603259995579719210e-01
-1.616959989070893000e-01 4.990689754486087315e-01 2.603259995579719210e-01
-1.616959989070893000e-01 4.990689754486087315e-01 8.603259995579721764e-01
-1.616959989070893000e-01 5.490689754486087759e-01 8.603259995579721764e-01
-1.616959989070893000e-01 5.990689754486088203e-01 3.103259995579719099e-01
-1.616959989070893000e-01 6.490689754486088647e-01 8.103259995579721320e-01
-1.616959989070893000e-01 6.990689754486089091e-01 3.603259995579718988e-01
-1.616959989070893000e-01 7.490689754486089535e-01 7.603259995579720876e-01
-1.616959989070893000e-01 7.990689754486089980e-01 4.603259995579718766e-01
-1.616959989070893000e-01 7.990689754486089980e-01 7.103259995579720432e-01
-1.616959989070893000e-01 8.490689754486090424e-01 5.103259995579718655e-01
-1.616959989070893000e-01 8.490689754486090424e-01 5.603259995579719099e-01
-1.616959989070893000e-01 8.490689754486090424e-01 6.103259995579719543e-01
-1.616959989070893000e-01 8.490689754486090424e-01 6.603259995579719988e-01
-1.116959989070892972e-01 -9.009310245513915127e-01 5.103259995579718655e-01
-1.116959989070892972e-01 -9.009310245513915127e-01 5.603259995579719099e-01
-1.116959989070892972e-01 -9.009310245513915127e-01 6.103259995579719543e-01
-1.116959989070892972e-01 -8.509310245513914683e-01 7.103259995579720432e-01
-1.116959989070892972e-01 -8.009310245513914239e-01 7.603259995579720876e-01
-1.116959989070892972e-01 -7.509310245513913795e-01 3.603259995579718988e-01
-1.116959989070892972e-01 -7.009310245513913351e-01 8.103259995579721320e-01
-1.116959989070892972e-01 -6.509310245513912907e-01 3.103259995579719099e-01
-1.116959989070892972e-01 -6.009310245513912463e-01 8.603259995579721764e-01
-1.116959989070892972e-01 -5.509310245513912019e-01 2.603259995579719210e-01
-1.116959989070892972e-01 -5.509310245513912019e-01 8.603259995579721764e-01
-1.116959989070892972e-01 -5.009310245513911575e-01 2.603259995579719210e-01
-1.116959989070892972e-01 -5.009310245513911575e-01 9.103259995579722208e-01
-1.116959989070892972e-01 -4.509310245513911686e-01 9.103259995579722208e-01
-1.116959989070892972e-01 -4.009310245513911797e-01 2.103259995579719321e-01
-1.116959989070892972e-01 -4.009310245513911797e-01 9.103259995579722208e-01
-1.116959989070892972e-01 -3.509310245513911908e-01 2.103259995579719321e-01
-1.116959989070892972e-01 -3.509310245513911908e-01 9.103259995579722208e-01
-1.116959989070892972e-01 -3.009310245513912019e-01 2.103259995579719321e-01
-1.116959989070892972e-01 -2.509310245513912130e-01 2.103259995579719321e-01
-1.116959989070892972e-01 -2.509310245513912130e-01 9.603259995579722652e-01
-1.116959989070892972e-01 -2.009310245513912241e-01 2.103259995579719321e-01
-1.116959989070892972e-01 -2.009310245513912241e-01 9.603259995579722652e-01
-1.116959989070892972e-01 -1.509310245513912352e-01 2.103259995579719321e-01
-1.116959989070892972e-01 -1.509310245513912352e-01 9.603259995579722652e-01
-1.116959989070892972e-01 -1.009310245513912324e-01 9.603259995579722652e-01
-1.116959989070892972e-01 -5.093102455139122964e-02 1.603259995579719432e-01
-1.116959989070892972e-01 -5.093102455139122964e-02 9.603259995579722652e-01
-1.116959989070892972e-01 -9.310245513912268622e-04 1.603259995579719432e-01
-1.116959989070892972e-01 -9.310245513912268622e-04 9.603259995579722652e-01
-1.116959989070892972e-01 4.906897544860877591e-02 1.603259995579719432e-01
-1.116959989070892972e-01 4.906897544860877591e-02 9.603259995579722652e-01
-1.116959989070892972e-01 9.906897544860877869e-02 9.603259995579722652e-01
-1.116959989070892972e-01 1.490689754486087815e-01 9.603259995579722652e-01
-1.116959989070892972e-01 1.990689754486087981e-01 2.103259995579719321e-01
-1.116959989070892972e-01 1.990689754486087981e-01 9.603259995579722652e-01
-1.116959989070892972e-01 2.490689754486087870e-01 2.103259995579719321e-01
-1.116959989070892972e-01 2.490689754486087870e-01 9.603259995579722652e-01
-1.116959989070892972e-01 2.990689754486087759e-01 2.103259995579719321e-01
-1.116959989070892972e-01 3.490689754486087648e-01 2.103259995579719321e-01
-1.116959989070892972e-01 3.490689754486087648e-01 9.103259995579722208e-01
-1.116959989070892972e-01 3.990689754486087537e-01 2.103259995579719321e-01
-1.116959989070892972e-01 3.990689754486087537e-01 9.103259995579722208e-01
-1.116959989070892972e-01 4.490689754486087426e-01 9.103259995579722208e-01
-1.116959989070892972e-01 4.990689754486087315e-01 9.103259995579722208e-01
-1.116959989070892972e-01 5.490689754486087759e-01 2.603259995579719210e-01
-1.116959989070892972e-01 5.990689754486088203e-01 8.603259995579721764e-01
-1.116959989070892972e-01 6.490689754486088647e-01 3.103259995579719099e-01
-1.116959989070892972e-01 6.990689754486089091e-01 8.103259995579721320e-01
-1.116959989070892972e-01 7.490689754486089535e-01 3.603259995579718988e-01
-1.116959989070892972e-01 7.990689754486089980e-01 7.603259995579720876e-01
-1.116959989070892972e-01 8.490689754486090424e-01 7.103259995579720432e-01
-1.116959989070892972e-01 8.990689754486090868e-01 5.103259995579718655e-01
-1.116959989070892972e-01 8.990689754486090868e-01 5.603259995579719099e-01
-1.116959989070892972e-01 8.990689754486090868e-01 6.103259995579719543e-01
-6.169599890708929446e-02 -9.009310245513915127e-01 4.603259995579718766e-01
-6.169599890708929446e-02 -9.009310245513915127e-01 6.603259995579719988e-01
-6.169599890708929446e-02 -8.509310245513914683e-01 4.103259995579718877e-01
-6.169599890708929446e-02 -8.009310245513914239e-01 3.603259995579718988e-01
-6.169599890708929446e-02 -8.009310245513914239e-01 7.603259995579720876e-01
-6.169599890708929446e-02 -7.509310245513913795e-01 8.103259995579721320e-01
-6.169599890708929446e-02 -7.009310245513913351e-01 3.103259995579719099e-01
-6.169599890708929446e-02 -7.009310245513913351e-01 8.103259995579721320e-01
-6.169599890708929446e-02 -6.509310245513912907e-01 8.603259995579721764e-01
-6.169599890708929446e-02 -6.009310245513912463e-01 2.603259995579719210e-01
-6.169599890708929446e-02 -6.009310245513912463e-01 8.603259995579721764e-01
-6.169599890708929446e-02 -5.509310245513912019e-01 2.603259995579719210e-01
-6.169599890708929446e-02 -5.509310245513912019e-01 9.103259995579722208e-01
-6.169599890708929446e-02 -5.009310245513911575e-01 9.103259995579722208e-01
-6.169599890708929446e-02 -4.509310245513911686e-01 2.103259995579719321e-01
-6.169599890708929446e-02 -4.509310245513911686e-01 9.103259995579722208e-01
-6.169599890708929446e-02 -4.009310245513911797e-01 2.103259995579719321e-01
-6.169599890708929446e-02 -4.009310245513911797e-01 9.103259995579722208e-01
-6.169599890708929446e-02 -3.509310245513911908e-01 2.103259995579719321e-01
-6.169599890708929446e-02 -3.509310245513911908e-01 9.603259995579722652e-01
-6.169599890708929446e-02 -3.009310245513912019e-01 2.103259995579719321e-01
-6.169599890708929446e-02 -3.009310245513912019e-01 9.603259995579722652e-01
-6.169599890708929446e-02 -2.509310245513912130e-01 9.603259995579722652e-01
-6.169599890708929446e-02 -2.009310245513912241e-01 1.603259995579719432e-01
-6.169599890708929446e-02 -2.009310245513912241e-01 9.603259995579722652e-01
-6.169599890708929446e-02 -1.509310245513912352e-01 1.603259995579719432e-01
-6.169599890708929446e-02 -1.509310245513912352e-01 9.603259995579722652e-01
-6.169599890708929446e-02 -1.009310245513912324e-01 1.603259995579719432e-01
-6.169599890708929446e-02 -1.009310245513912324e-01 9.603259995579722652e-01
-6.169599890708929446e-02 -5.093102455139122964e-02 1.603259995579719432e-01
-6.169599890708929446e-02 -5.093102455139122964e-02 9.603259995579722652e-01
-6.169599890708929446e-02 -9.310245513912268622e-04 1.603259995579719432e-01
-6.169599890708929446e-02 -9.310245513912268622e-04 9.603259995579722652e-01
-6.169599890708929446e-02 4.906897544860877591e-02 1.603259995579719432e-01
-6.169599890708929446e-02 4.906897544860877591e-02 9.603259995579722652e-01
-6.169599890708929446e-02 9.906897544860877869e-02 1.603259995579719432e-01
-6.169599890708929446e-02 9.906897544860877869e-02 9.603259995579722652e-01
-6.169599890708929446e-02 1.490689754486087815e-01 1.603259995579719432e-01
-6.169599890708929446e-02 1.490689754486087815e-01 9.603259995579722652e-01
-6.169599890708929446e-02 1.990689754486087981e-01 1.603259995579719432e-01
-6.169599890708929446e-02 1.990689754486087981e-01 9.603259995579722652e-01
-6.169599890708929446e-02 2.490689754486087870e-01 2.103259995579719321e-01
-6.169599890708929446e-02 2.490689754486087870e-01 9.603259995579722652e-01
-6.169599890708929446e-02 2.990689754486087759e-01 2.103259995579719321e-01
-6.169599890708929446e-02 2.990689754486087759e-01 9.603259995579722652e-01
-6.169599890708929446e-02 3.490689754486087648e-01 2.103259995579719321e-01
-6.169599890708929446e-02 3.490689754486087648e-01 9.603259995579722652e-01
-6.169599890708929446e-02 3.990689754486087537e-01 2.103259995579719321e-01
-6.169599890708929446e-02 3.990689754486087537e-01 9.103259995579722208e-01
-6.169599890708929446e-02 4.490689754486087426e-01 2.103259995579719321e-01
-6.169599890708929446e-02 4.490689754486087426e-01 9.103259995579722208e-01
-6.169599890708929446e-02 4.990689754486087315e-01 9.103259995579722208e-01
-6.169599890708929446e-02 5.490689754486087759e-01 2.603259995579719210e-01
-6.169599890708929446e-02 5.490689754486087759e-01 9.103259995579722208e-01
-6.169599890708929446e-02 5.990689754486088203e-01 2.603259995579719210e-01
-6.169599890708929446e-02 5.990689754486088203e-01 8.603259995579721764e-01
-6.169599890708929446e-02 6.490689754486088647e-01 8.603259995579721764e-01
-6.169599890708929446e-02 6.990689754486089091e-01 3.103259995579719099e-01
-6.169599890708929446e-02 7.490689754486089535e-01 8.103259995579721320e-01
-6.169599890708929446e-02 7.990689754486089980e-01 3.603259995579718988e-01
-6.169599890708929446e-02 7.990689754486089980e-01 7.603259995579720876e-01
-6.169599890708929446e-02 8.490689754486090424e-01 4.103259995579718877e-01
-6.169599890708929446e-02 8.990689754486090868e-01 4.603259995579718766e-01
-6.169599890708929446e-02 8.990689754486090868e-01 5.103259995579718655e-01
-6.169599890708929446e-02 8.990689754486090868e-01 6.603259995579719988e-01
-6.169599890708929446e-02 9.490689754486091312e-01 5.603259995579719099e-01
-1.169599890708929169e-02 -9.509310245513915572e-01 5.603259995579719099e-01
-1.169599890708929169e-02 -9.509310245513915572e-01 6.103259995579719543e-01
-1.169599890708929169e-02 -9.009310245513915127e-01 4.603259995579718766e-01
-1.169599890708929169e-02 -9.009310245513915127e-01 6.603259995579719988e-01
-1.169599890708929169e-02 -8.509310245513914683e-01 4.103259995579718877e-01
-1.169599890708929169e-02 -8.009310245513914239e-01 3.603259995579718988e-01
-1.169599890708929169e-02 -8.009310245513914239e-01 7.603259995579720876e-01
-1.169599890708929169e-02 -7.509310245513913795e-01 8.103259995579721320e-01
-1.169599890708929169e-02 -7.009310245513913351e-01 3.103259995579719099e-01
-1.169599890708929169e-02 -6.509310245513912907e-01 8.603259995579721764e-01
-1.169599890708929169e-02 -6.009310245513912463e-01 2.603259995579719210e-01
-1.169599890708929169e-02 -6.009310245513912463e-01 8.603259995579721764e-01
-1.169599890708929169e-02 -5.509310245513912019e-01 2.603259995579719210e-01
-1.169599890708929169e-02 -5.509310245513912019e-01 9.103259995579722208e-01
-1.169599890708929169e-02 -5.009310245513911575e-01 2.103259995579719321e-01
-1.169599890708929169e-02 -5.009310245513911575e-01 9.103259995579722208e-01
-1.169599890708929169e-02 -4.509310245513911686e-01 2.103259995579719321e-01
-1.169599890708929169e-02 -4.509310245513911686e-01 9.103259995579722208e-01
-1.169599890708929169e-02 -4.009310245513911797e-01 2.103259995579719321e-01
-1.169599890708929169e-02 -4.009310245513911797e-01 9.603259995579722652e-01
-1.169599890708929169e-02 -3.509310245513911908e-01 2.103259995579719321e-01
-1.169599890708929169e-02 -3.509310245513911908e-01 9.603259995579722652e-01
-1.169599890708929169e-02 -3.009310245513912019e-01 2.103259995579719321e-01
-1.169599890708929169e-02 -3.009310245513912019e-01 9.603259995579722652e-01
-1.169599890708929169e-02 -2.509310245513912130e-01 1.603259995579719432e-01
-1.169599890708929169e-02 -2.509310245513912130e-01 9.603259995579722652e-01
-1.169599890708929169e-02 -2.009310245513912241e-01 1.603259995579719432e-01
-1.169599890708929169e-02 -2.009310245513912241e-01 9.603259995579722652e-01
-1.169599890708929169e-02 -1.509310245513912352e-01 1.603259995579719432e-01
-1.169599890708929169e-02 -1.509310245513912352e-01 9.603259995579722652e-01
-1.169599890708929169e-02 -1.009310245513912324e-01 1.603259995579719432e-01
-1.169599890708929169e-02 -1.009310245513912324e-01 9.603259995579722652e-01
-1.169599890708929169e-02 -5.093102455139122964e-02 1.603259995579719432e-01
-1.169599890708929169e-02 -5.093102455139122964e-02 9.603259995579722652e-01
-1.169599890708929169e-02 -9.310245513912268622e-04 1.603259995579719432e-01
-1.169599890708929169e-02 -9.310245513912268622e-04 9.603259995579722652e-01
-1.169599890708929169e-02 4.906897544860877591e-02 1.603259995579719432e-01
-1.169599890708929169e-02 4.906897544860877591e-02 9.603259995579722652e-01
-1.169599890708929169e-02 9.906897544860877869e-02 1.603259995579719432e-01
-1.169599890708929169e-02 9.906897544860877869e-02 9.603259995579722652e-01
-1.169599890708929169e-02 1.490689754486087815e-01 1.603259995579719432e-01
-1.169599890708929169e-02 1.490689754486087815e-01 9.603259995579722652e-01
-1.169599890708929169e-02 1.990689754486087981e-01 1.603259995579719432e-01
-1.169599890708929169e-02 1.990689754486087981e-01 9.603259995579722652e-01
-1.169599890708929169e-02 2.490689754486087870e-01 1.603259995579719432e-01
-1.169599890708929169e-02 2.490689754486087870e-01 9.603259995579722652e-01
-1.169599890708929169e-02 2.990689754486087759e-01 2.103259995579719321e-01
-1.169599890708929169e-02 2.990689754486087759e-01 9.603259995579722652e-01
-1.169599890708929169e-02 3.490689754486087648e-01 2.103259995579719321e-01
-1.169599890708929169e-02 3.490689754486087648e-01 9.603259995579722652e-01
-1.169599890708929169e-02 3.990689754486087537e-01 2.103259995579719321e-01
-1.169599890708929169e-02 3.990689754486087537e-01 9.103259995579722208e-01
-1.169599890708929169e-02 3.990689754486087537e-01 9.603259995579722652e-01
-1.169599890708929169e-02 4.490689754486087426e-01 2.103259995579719321e-01
-1.169599890708929169e-02 4.490689754486087426e-01 9.103259995579722208e-01
-1.169599890708929169e-02 4.990689754486087315e-01 2.103259995579719321e-01
-1.169599890708929169e-02 4.990689754486087315e-01 9.103259995579722208e-01
-1.169599890708929169e-02 5.490689754486087759e-01 2.603259995579719210e-01
-1.169599890708929169e-02 5.490689754486087759e-01 9.103259995579722208e-01
-1.169599890708929169e-02 5.990689754486088203e-01 2.603259995579719210e-01
-1.169599890708929169e-02 6.490689754486088647e-01 8.603259995579721764e-01
-1.169599890708929169e-02 6.990689754486089091e-01 3.103259995579719099e-01
-1.169599890708929169e-02 7.490689754486089535e-01 8.103259995579721320e-01
-1.169599890708929169e-02 7.990689754486089980e-01 3.603259995579718988e-01
-1.169599890708929169e-02 7.990689754486089980e-01 7.603259995579720876e-01
-1.169599890708929169e-02 8.490689754486090424e-01 4.103259995579718877e-01
-1.169599890708929169e-02 8.490689754486090424e-01 7.603259995579720876e-01
-1.169599890708929169e-02 8.990689754486090868e-01 4.603259995579718766e-01
-1.169599890708929169e-02 8.990689754486090868e-01 6.603259995579719988e-01
-1.169599890708929169e-02 8.990689754486090868e-01 7.103259995579720432e-01
-1.169599890708929169e-02 9.490689754486091312e-01 5.103259995579718655e-01
-1.169599890708929169e-02 9.490689754486091312e-01 5.603259995579719099e-01
-1.169599890708929169e-02 9.490689754486091312e-01 6.103259995579719543e-01
3.830400109291071109e-02 -9.509310245513915572e-01 5.603259995579719099e-01
3.830400109291071109e-02 -9.009310245513915127e-01 4.603259995579718766e-01
3.830400109291071109e-02 -9.009310245513915127e-01 6.603259995579719988e-01
3.830400109291071109e-02 -8.509310245513914683e-01 4.103259995579718877e-01
3.830400109291071109e-02 -8.009310245513914239e-01 3.603259995579718988e-01
3.830400109291071109e-02 -8.009310245513914239e-01 7.603259995579720876e-01
3.830400109291071109e-02 -7.509310245513913795e-01 8.103259995579721320e-01
3.830400109291071109e-02 -7.009310245513913351e-01 3.103259995579719099e-01
3.830400109291071109e-02 -6.509310245513912907e-01 8.603259995579721764e-01
3.830400109291071109e-02 -6.009310245513912463e-01 2.603259995579719210e-01
3.830400109291071109e-02 -6.009310245513912463e-01 8.603259995579721764e-01
3.830400109291071109e-02 -5.509310245513912019e-01 2.603259995579719210e-01
3.830400109291071109e-02 -5.509310245513912019e-01 9.103259995579722208e-01
3.830400109291071109e-02 -5.009310245513911575e-01 9.103259995579722208e-01
3.830400109291071109e-02 -4.509310245513911686e-01 2.103259995579719321e-01
3.830400109291071109e-02 -4.509310245513911686e-01 9.103259995579722208e-01
3.830400109291071109e-02 -4.009310245513911797e-01 2.103259995579719321e-01
3.830400109291071109e-02 -3.509310245513911908e-01 2.103259995579719321e-01
3.830400109291071109e-02 -3.509310245513911908e-01 9.603259995579722652e-01
3.830400109291071109e-02 -3.009310245513912019e-01 2.103259995579719321e-01
3.830400109291071109e-02 -3.009310245513912019e-01 9.603259995579722652e-01
3.830400109291071109e-02 -2.509310245513912130e-01 1.603259995579719432e-01
3.830400109291071109e-02 -2.509310245513912130e-01 2.103259995579719321e-01
3.830400109291071109e-02 -2.509310245513912130e-01 9.603259995579722652e-01
3.830400109291071109e-02 -2.009310245513912241e-01 1.603259995579719432e-01
3.830400109291071109e-02 -2.009310245513912241e-01 9.603259995579722652e-01
3.830400109291071109e-02 -1.509310245513912352e-01 1.603259995579719432e-01
3.830400109291071109e-02 -1.509310245513912352e-01 9.603259995579722652e-01
3.830400109291071109e-02 -1.009310245513912324e-01 1.603259995579719432e-01
3.830400109291071109e-02 -1.009310245513912324e-01 9.603259995579722652e-01
3.830400109291071109e-02 -5.093102455139122964e-02 1.603259995579719432e-01
3.830400109291071109e-02 -5.093102455139122964e-02 9.603259995579722652e-01
3.830400109291071109e-02 -9.310245513912268622e-04 1.603259995579719432e-01
3.830400109291071109e-02 -9.310245513912268622e-04 9.603259995579722652e-01
3.830400109291071109e-02 4.906897544860877591e-02 1.603259995579719432e-01
3.830400109291071109e-02 4.906897544860877591e-02 9.603259995579722652e-01
3.830400109291071109e-02 9.906897544860877869e-02 1.603259995579719432e-01
3.830400109291071109e-02 9.906897544860877869e-02 9.603259995579722652e-01
3.830400109291071109e-02 1.490689754486087815e-01 1.603259995579719432e-01
3.830400109291071109e-02 1.490689754486087815e-01 9.603259995579722652e-01
3.830400109291071109e-02 1.990689754486087981e-01 1.603259995579719432e-01
3.830400109291071109e-02 1.990689754486087981e-01 9.603259995579722652e-01
3.830400109291071109e-02 2.490689754486087870e-01 1.603259995579719432e-01
3.830400109291071109e-02 2.490689754486087870e-01 9.603259995579722652e-01
3.830400109291071109e-02 2.990689754486087759e-01 2.103259995579719321e-01
3.830400109291071109e-02 2.990689754486087759e-01 9.603259995579722652e-01
3.830400109291071109e-02 3.490689754486087648e-01 2.103259995579719321e-01
3.830400109291071109e-02 3.490689754486087648e-01 9.603259995579722652e-01
3.830400109291071109e-02 3.990689754486087537e-01 2.103259995579719321e-01
3.830400109291071109e-02 4.490689754486087426e-01 2.103259995579719321e-01
3.830400109291071109e-02 4.490689754486087426e-01 9.103259995579722208e-01
3.830400109291071109e-02 4.990689754486087315e-01 2.103259995579719321e-01
3.830400109291071109e-02 4.990689754486087315e-01 2.603259995579719210e-01
3.830400109291071109e-02 4.990689754486087315e-01 9.103259995579722208e-01
3.830400109291071109e-02 5.490689754486087759e-01 2.603259995579719210e-01
3.830400109291071109e-02 5.490689754486087759e-01 9.103259995579722208e-01
3.830400109291071109e-02 5.990689754486088203e-01 2.603259995579719210e-01
3.830400109291071109e-02 6.490689754486088647e-01 8.603259995579721764e-01
3.830400109291071109e-02 6.990689754486089091e-01 3.103259995579719099e-01
3.830400109291071109e-02 7.490689754486089535e-01 8.103259995579721320e-01
3.830400109291071109e-02 7.990689754486089980e-01 3.603259995579718988e-01
3.830400109291071109e-02 7.990689754486089980e-01 7.603259995579720876e-01
3.830400109291071109e-02 8.490689754486090424e-01 4.103259995579718877e-01
3.830400109291071109e-02 8.990689754486090868e-01 4.603259995579718766e-01
3.830400109291071109e-02 8.990689754486090868e-01 6.603259995579719988e-01
3.830400109291071109e-02 9.490689754486091312e-01 5.603259995579719099e-01
8.830400109291071387e-02 -9.009310245513915127e-01 5.103259995579718655e-01
8.830400109291071387e-02 -9.009310245513915127e-01 5.603259995579719099e-01
8.830400109291071387e-02 -9.009310245513915127e-01 6.103259995579719543e-01
8.830400109291071387e-02 -9.009310245513915127e-01 6.603259995579719988e-01
8.830400109291071387e-02 -8.509310245513914683e-01 7.103259995579720432e-01
8.830400109291071387e-02 -8.009310245513914239e-01 7.603259995579720876e-01
8.830400109291071387e-02 -7.509310245513913795e-01 3.603259995579718988e-01
8.830400109291071387e-02 -7.509310245513913795e-01 8.103259995579721320e-01
8.830400109291071387e-02 -7.009310245513913351e-01 3.103259995579719099e-01
8.830400109291071387e-02 -7.009310245513913351e-01 8.103259995579721320e-01
8.830400109291071387e-02 -6.509310245513912907e-01 3.103259995579719099e-01
8.830400109291071387e-02 -6.509310245513912907e-01 8.603259995579721764e-01
8.830400109291071387e-02 -6.009310245513912463e-01 2.603259995579719210e-01
8.830400109291071387e-02 -6.009310245513912463e-01 8.603259995579721764e-01
8.830400109291071387e-02 -5.509310245513912019e-01 2.603259995579719210e-01
8.830400109291071387e-02 -5.509310245513912019e-01 8.603259995579721764e-01
8.830400109291071387e-02 -5.009310245513911575e-01 2.603259995579719210e-01
8.830400109291071387e-02 -5.009310245513911575e-01 9.103259995579722208e-01
8.830400109291071387e-02 -4.509310245513911686e-01 2.103259995579719321e-01
8.830400109291071387e-02 -4.509310245513911686e-01 9.103259995579722208e-01
8.830400109291071387e-02 -4.009310245513911797e-01 2.103259995579719321e-01
8.830400109291071387e-02 -4.009310245513911797e-01 9.103259995579722208e-01
8.830400109291071387e-02 -3.509310245513911908e-01 2.103259995579719321e-01
8.830400109291071387e-02 -3.009310245513912019e-01 2.103259995579719321e-01
8.830400109291071387e-02 -3.009310245513912019e-01 9.603259995579722652e-01
8.830400109291071387e-02 -2.509310245513912130e-01 2.103259995579719321e-01
8.830400109291071387e-02 -2.509310245513912130e-01 9.603259995579722652e-01
8.830400109291071387e-02 -2.009310245513912241e-01 2.103259995579719321e-01
8.830400109291071387e-02 -2.009310245513912241e-01 9.603259995579722652e-01
8.830400109291071387e-02 -1.509310245513912352e-01 1.603259995579719432e-01
8.830400109291071387e-02 -1.509310245513912352e-01 9.603259995579722652e-01
8.830400109291071387e-02 -1.009310245513912324e-01 1.603259995579719432e-01
8.830400109291071387e-02 -1.009310245513912324e-01 9.603259995579722652e-01
8.830400109291071387e-02 -5.093102455139122964e-02 1.603259995579719432e-01
8.830400109291071387e-02 -5.093102455139122964e-02 9.603259995579722652e-01
8.830400109291071387e-02 -9.310245513912268622e-04 1.603259995579719432e-01
8.830400109291071387e-02 -9.310245513912268622e-04 9.603259995579722652e-01
8.830400109291071387e-02 4.906897544860877591e-02 1.603259995579719432e-01
8.830400109291071387e-02 4.906897544860877591e-02 9.603259995579722652e-01
8.830400109291071387e-02 9.906897544860877869e-02 1.603259995579719432e-01
8.830400109291071387e-02 9.906897544860877869e-02 9.603259995579722652e-01
8.830400109291071387e-02 1.490689754486087815e-01 1.603259995579719432e-01
8.830400109291071387e-02 1.490689754486087815e-01 9.603259995579722652e-01
8.830400109291071387e-02 1.990689754486087981e-01 2.103259995579719321e-01
8.830400109291071387e-02 1.990689754486087981e-01 9.603259995579722652e-01
8.830400109291071387e-02 2.490689754486087870e-01 2.103259995579719321e-01
8.830400109291071387e-02 2.490689754486087870e-01 9.603259995579722652e-01
8.830400109291071387e-02 2.990689754486087759e-01 2.103259995579719321e-01
8.830400109291071387e-02 2.990689754486087759e-01 9.603259995579722652e-01
8.830400109291071387e-02 3.490689754486087648e-01 2.103259995579719321e-01
8.830400109291071387e-02 3.990689754486087537e-01 2.103259995579719321e-01
8.830400109291071387e-02 4.490689754486087426e-01 2.103259995579719321e-01
8.830400109291071387e-02 4.490689754486087426e-01 9.103259995579722208e-01
8.830400109291071387e-02 4.990689754486087315e-01 2.603259995579719210e-01
8.830400109291071387e-02 4.990689754486087315e-01 9.103259995579722208e-01
8.830400109291071387e-02 5.490689754486087759e-01 2.603259995579719210e-01
8.830400109291071387e-02 5.990689754486088203e-01 2.603259995579719210e-01
8.830400109291071387e-02 5.990689754486088203e-01 8.603259995579721764e-01
8.830400109291071387e-02 6.490689754486088647e-01 3.103259995579719099e-01
8.830400109291071387e-02 6.490689754486088647e-01 8.603259995579721764e-01
8.830400109291071387e-02 6.990689754486089091e-01 3.103259995579719099e-01
8.830400109291071387e-02 6.990689754486089091e-01 8.103259995579721320e-01
8.830400109291071387e-02 7.490689754486089535e-01 3.603259995579718988e-01
8.830400109291071387e-02 7.490689754486089535e-01 8.103259995579721320e-01
8.830400109291071387e-02 7.990689754486089980e-01 7.603259995579720876e-01
8.830400109291071387e-02 8.490689754486090424e-01 4.103259995579718877e-01
8.830400109291071387e-02 8.490689754486090424e-01 7.103259995579720432e-01
8.830400109291071387e-02 8.990689754486090868e-01 5.103259995579718655e-01
8.830400109291071387e-02 8.990689754486090868e-01 5.603259995579719099e-01
8.830400109291071387e-02 8.990689754486090868e-01 6.103259995579719543e-01
8.830400109291071387e-02 8.990689754486090868e-01 6.603259995579719988e-01
1.383040010929107166e-01 -8.509310245513914683e-01 4.603259995579718766e-01
1.383040010929107166e-01 -8.509310245513914683e-01 6.603259995579719988e-01
1.383040010929107166e-01 -8.009310245513914239e-01 4.103259995579718877e-01
1.383040010929107166e-01 -8.009310245513914239e-01 7.103259995579720432e-01
1.383040010929107166e-01 -7.509310245513913795e-01 7.603259995579720876e-01
1.383040010929107166e-01 -7.009310245513913351e-01 3.603259995579718988e-01
1.383040010929107166e-01 -7.009310245513913351e-01 8.103259995579721320e-01
1.383040010929107166e-01 -6.509310245513912907e-01 3.103259995579719099e-01
1.383040010929107166e-01 -6.509310245513912907e-01 8.103259995579721320e-01
1.383040010929107166e-01 -6.009310245513912463e-01 3.103259995579719099e-01
1.383040010929107166e-01 -6.009310245513912463e-01 8.603259995579721764e-01
1.383040010929107166e-01 -5.509310245513912019e-01 2.603259995579719210e-01
1.383040010929107166e-01 -5.509310245513912019e-01 8.603259995579721764e-01
1.383040010929107166e-01 -5.009310245513911575e-01 2.603259995579719210e-01
1.383040010929107166e-01 -5.009310245513911575e-01 8.603259995579721764e-01
1.383040010929107166e-01 -4.509310245513911686e-01 2.603259995579719210e-01
1.383040010929107166e-01 -4.509310245513911686e-01 9.103259995579722208e-01
1.383040010929107166e-01 -4.009310245513911797e-01 9.103259995579722208e-01
1.383040010929107166e-01 -3.509310245513911908e-01 2.103259995579719321e-01
1.383040010929107166e-01 -3.509310245513911908e-01 9.103259995579722208e-01
1.383040010929107166e-01 -3.009310245513912019e-01 2.103259995579719321e-01
1.383040010929107166e-01 -2.509310245513912130e-01 2.103259995579719321e-01
1.383040010929107166e-01 -2.009310245513912241e-01 2.103259995579719321e-01
1.383040010929107166e-01 -2.009310245513912241e-01 9.603259995579722652e-01
1.383040010929107166e-01 -1.509310245513912352e-01 2.103259995579719321e-01
1.383040010929107166e-01 -1.509310245513912352e-01 9.603259995579722652e-01
1.383040010929107166e-01 -1.009310245513912324e-01 2.103259995579719321e-01
1.383040010929107166e-01 -1.009310245513912324e-01 9.603259995579722652e-01
1.383040010929107166e-01 -5.093102455139122964e-02 2.103259995579719321e-01
1.383040010929107166e-01 -5.093102455139122964e-02 9.603259995579722652e-01
1.383040010929107166e-01 -9.310245513912268622e-04 2.103259995579719321e-01
1.383040010929107166e-01 -9.310245513912268622e-04 9.603259995579722652e-01
1.383040010929107166e-01 4.906897544860877591e-02 2.103259995579719321e-01
1.383040010929107166e-01 4.906897544860877591e-02 9.603259995579722652e-01
1.383040010929107166e-01 9.906897544860877869e-02 2.103259995579719321e-01
1.383040010929107166e-01 9.906897544860877869e-02 9.603259995579722652e-01
1.383040010929107166e-01 1.490689754486087815e-01 2.103259995579719321e-01
1.383040010929107166e-01 1.490689754486087815e-01 9.603259995579722652e-01
1.383040010929107166e-01 1.990689754486087981e-01 2.103259995579719321e-01
1.383040010929107166e-01 1.990689754486087981e-01 9.603259995579722652e-01
1.383040010929107166e-01 2.490689754486087870e-01 2.103259995579719321e-01
1.383040010929107166e-01 2.990689754486087759e-01 2.103259995579719321e-01
1.383040010929107166e-01 3.490689754486087648e-01 2.103259995579719321e-01
1.383040010929107166e-01 3.490689754486087648e-01 9.103259995579722208e-01
1.383040010929107166e-01 3.990689754486087537e-01 9.103259995579722208e-01
1.383040010929107166e-01 4.490689754486087426e-01 2.603259995579719210e-01
1.383040010929107166e-01 4.490689754486087426e-01 9.103259995579722208e-01
1.383040010929107166e-01 4.990689754486087315e-01 2.603259995579719210e-01
1.383040010929107166e-01 5.490689754486087759e-01 2.603259995579719210e-01
1.383040010929107166e-01 5.490689754486087759e-01 8.603259995579721764e-01
1.383040010929107166e-01 5.990689754486088203e-01 3.103259995579719099e-01
1.383040010929107166e-01 5.990689754486088203e-01 8.603259995579721764e-01
1.383040010929107166e-01 6.490689754486088647e-01 3.103259995579719099e-01
1.383040010929107166e-01 6.990689754486089091e-01 8.103259995579721320e-01
1.383040010929107166e-01 7.490689754486089535e-01 3.603259995579718988e-01
1.383040010929107166e-01 7.490689754486089535e-01 7.603259995579720876e-01
1.383040010929107166e-01 7.990689754486089980e-01 4.103259995579718877e-01
1.383040010929107166e-01 7.990689754486089980e-01 7.103259995579720432e-01
1.383040010929107166e-01 8.490689754486090424e-01 4.603259995579718766e-01
1.383040010929107166e-01 8.490689754486090424e-01 6.603259995579719988e-01
1.383040010929107166e-01 8.990689754486090868e-01 5.603259995579719099e-01
1.883040010929107333e-01 -8.009310245513914239e-01 4.603259995579718766e-01
1.883040010929107333e-01 -8.009310245513914239e-01 5.103259995579718655e-01
1.883040010929107333e-01 -8.009310245513914239e-01 5.603259995579719099e-01
1.883040010929107333e-01 -8.009310245513914239e-01 6.103259995579719543e-01
1.883040010929107333e-01 -8.009310245513914239e-01 6.603259995579719988e-01
1.883040010929107333e-01 -7.509310245513913795e-01 4.103259995579718877e-01
1.883040010929107333e-01 -7.509310245513913795e-01 7.103259995579720432e-01
1.883040010929107333e-01 -7.009310245513913351e-01 7.603259995579720876e-01
1.883040010929107333e-01 -6.509310245513912907e-01 3.603259995579718988e-01
1.883040010929107333e-01 -6.509310245513912907e-01 8.103259995579721320e-01
1.883040010929107333e-01 -6.009310245513912463e-01 8.103259995579721320e-01
1.883040010929107333e-01 -5.509310245513912019e-01 3.103259995579719099e-01
1.883040010929107333e-01 -5.009310245513911575e-01 8.603259995579721764e-01
1.883040010929107333e-01 -4.509310245513911686e-01 2.603259995579719210e-01
1.883040010929107333e-01 -4.509310245513911686e-01 8.603259995579721764e-01
1.883040010929107333e-01 -4.009310245513911797e-01 2.603259995579719210e-01
1.883040010929107333e-01 -3.509310245513911908e-01 2.603259995579719210e-01
1.883040010929107333e-01 -3.509310245513911908e-01 9.103259995579722208e-01
1.883040010929107333e-01 -3.009310245513912019e-01 9.103259995579722208e-01
1.883040010929107333e-01 -2.509310245513912130e-01 2.103259995579719321e-01
1.883040010929107333e-01 -2.509310245513912130e-01 9.103259995579722208e-01
1.883040010929107333e-01 -2.009310245513912241e-01 2.103259995579719321e-01
1.883040010929107333e-01 -2.009310245513912241e-01 9.103259995579722208e-01
1.883040010929107333e-01 -1.509310245513912352e-01 2.103259995579719321e-01
1.883040010929107333e-01 -1.509310245513912352e-01 9.103259995579722208e-01
1.883040010929107333e-01 -1.009310245513912324e-01 2.103259995579719321e-01
1.883040010929107333e-01 -1.009310245513912324e-01 9.103259995579722208e-01
1.883040010929107333e-01 -5.093102455139122964e-02 2.103259995579719321e-01
1.883040010929107333e-01 -5.093102455139122964e-02 9.103259995579722208e-01
1.883040010929107333e-01 -9.310245513912268622e-04 2.103259995579719321e-01
1.883040010929107333e-01 4.906897544860877591e-02 2.103259995579719321e-01
1.883040010929107333e-01 9.906897544860877869e-02 2.103259995579719321e-01
1.883040010929107333e-01 1.490689754486087815e-01 2.103259995579719321e-01
1.883040010929107333e-01 1.490689754486087815e-01 9.103259995579722208e-01
1.883040010929107333e-01 1.990689754486087981e-01 2.103259995579719321e-01
1.883040010929107333e-01 1.990689754486087981e-01 9.103259995579722208e-01
1.883040010929107333e-01 2.490689754486087870e-01 2.103259995579719321e-01
1.883040010929107333e-01 2.490689754486087870e-01 9.103259995579722208e-01
1.883040010929107333e-01 2.990689754486087759e-01 2.603259995579719210e-01
1.883040010929107333e-01 2.990689754486087759e-01 9.103259995579722208e-01
1.883040010929107333e-01 3.490689754486087648e-01 2.603259995579719210e-01
1.883040010929107333e-01 3.490689754486087648e-01 9.103259995579722208e-01
1.883040010929107333e-01 3.990689754486087537e-01 2.603259995579719210e-01
1.883040010929107333e-01 4.490689754486087426e-01 2.603259995579719210e-01
1.883040010929107333e-01 4.490689754486087426e-01 8.603259995579721764e-01
1.883040010929107333e-01 4.990689754486087315e-01 8.603259995579721764e-01
1.883040010929107333e-01 5.490689754486087759e-01 3.103259995579719099e-01
1.883040010929107333e-01 5.990689754486088203e-01 8.103259995579721320e-01
1.883040010929107333e-01 6.490689754486088647e-01 3.603259995579718988e-01
1.883040010929107333e-01 6.490689754486088647e-01 8.103259995579721320e-01
1.883040010929107333e-01 6.990689754486089091e-01 7.603259995579720876e-01
1.883040010929107333e-01 7.490689754486089535e-01 4.103259995579718877e-01
1.883040010929107333e-01 7.490689754486089535e-01 7.103259995579720432e-01
1.883040010929107333e-01 7.990689754486089980e-01 4.603259995579718766e-01
1.883040010929107333e-01 7.990689754486089980e-01 5.103259995579718655e-01
1.883040010929107333e-01 7.990689754486089980e-01 5.603259995579719099e-01
1.883040010929107333e-01 7.990689754486089980e-01 6.103259995579719543e-01
1.883040010929107333e-01 7.990689754486089980e-01 6.603259995579719988e-01
2.383040010929107222e-01 -7.509310245513913795e-01 5.103259995579718655e-01
2.383040010929107222e-01 -7.509310245513913795e-01 5.603259995579719099e-01
2.383040010929107222e-01 -7.509310245513913795e-01 6.103259995579719543e-01
2.383040010929107222e-01 -7.009310245513913351e-01 4.603259995579718766e-01
2.383040010929107222e-01 -7.009310245513913351e-01 6.603259995579719988e-01
2.383040010929107222e-01 -7.009310245513913351e-01 7.103259995579720432e-01
2.383040010929107222e-01 -6.509310245513912907e-01 4.103259995579718877e-01
2.383040010929107222e-01 -6.509310245513912907e-01 7.103259995579720432e-01
2.383040010929107222e-01 -6.009310245513912463e-01 3.603259995579718988e-01
2.383040010929107222e-01 -6.009310245513912463e-01 7.603259995579720876e-01
2.383040010929107222e-01 -5.509310245513912019e-01 3.603259995579718988e-01
2.383040010929107222e-01 -5.509310245513912019e-01 8.103259995579721320e-01
2.383040010929107222e-01 -5.009310245513911575e-01 8.103259995579721320e-01
2.383040010929107222e-01 -4.509310245513911686e-01 3.103259995579719099e-01
2.383040010929107222e-01 -4.009310245513911797e-01 8.603259995579721764e-01
2.383040010929107222e-01 -3.509310245513911908e-01 8.603259995579721764e-01
2.383040010929107222e-01 -3.009310245513912019e-01 2.603259995579719210e-01
2.383040010929107222e-01 -3.009310245513912019e-01 8.603259995579721764e-01
2.383040010929107222e-01 -2.509310245513912130e-01 2.603259995579719210e-01
2.383040010929107222e-01 -2.509310245513912130e-01 8.603259995579721764e-01
2.383040010929107222e-01 -2.009310245513912241e-01 2.603259995579719210e-01
2.383040010929107222e-01 -2.009310245513912241e-01 8.603259995579721764e-01
2.383040010929107222e-01 -1.509310245513912352e-01 2.603259995579719210e-01
2.383040010929107222e-01 -1.509310245513912352e-01 9.103259995579722208e-01
2.383040010929107222e-01 -1.009310245513912324e-01 2.603259995579719210e-01
2.383040010929107222e-01 -1.009310245513912324e-01 9.103259995579722208e-01
2.383040010929107222e-01 -5.093102455139122964e-02 2.603259995579719210e-01
2.383040010929107222e-01 -5.093102455139122964e-02 9.103259995579722208e-01
2.383040010929107222e-01 -9.310245513912268622e-04 2.603259995579719210e-01
2.383040010929107222e-01 -9.310245513912268622e-04 9.103259995579722208e-01
2.383040010929107222e-01 4.906897544860877591e-02 2.603259995579719210e-01
2.383040010929107222e-01 4.906897544860877591e-02 9.103259995579722208e-01
2.383040010929107222e-01 9.906897544860877869e-02 2.603259995579719210e-01
2.383040010929107222e-01 9.906897544860877869e-02 9.103259995579722208e-01
2.383040010929107222e-01 1.490689754486087815e-01 2.603259995579719210e-01
2.383040010929107222e-01 1.490689754486087815e-01 9.103259995579722208e-01
2.383040010929107222e-01 1.990689754486087981e-01 2.603259995579719210e-01
2.383040010929107222e-01 1.990689754486087981e-01 8.603259995579721764e-01
2.383040010929107222e-01 2.490689754486087870e-01 2.603259995579719210e-01
2.383040010929107222e-01 2.490689754486087870e-01 8.603259995579721764e-01
2.383040010929107222e-01 2.990689754486087759e-01 2.603259995579719210e-01
2.383040010929107222e-01 2.990689754486087759e-01 8.603259995579721764e-01
2.383040010929107222e-01 3.490689754486087648e-01 3.103259995579719099e-01
2.383040010929107222e-01 3.490689754486087648e-01 8.603259995579721764e-01
2.383040010929107222e-01 3.990689754486087537e-01 3.103259995579719099e-01
2.383040010929107222e-01 3.990689754486087537e-01 8.603259995579721764e-01
2.383040010929107222e-01 4.490689754486087426e-01 3.103259995579719099e-01
2.383040010929107222e-01 4.990689754486087315e-01 3.103259995579719099e-01
2.383040010929107222e-01 4.990689754486087315e-01 8.103259995579721320e-01
2.383040010929107222e-01 5.490689754486087759e-01 3.603259995579718988e-01
2.383040010929107222e-01 5.490689754486087759e-01 8.103259995579721320e-01
2.383040010929107222e-01 5.990689754486088203e-01 3.603259995579718988e-01
2.383040010929107222e-01 5.990689754486088203e-01 7.603259995579720876e-01
2.383040010929107222e-01 6.490689754486088647e-01 4.103259995579718877e-01
2.383040010929107222e-01 6.490689754486088647e-01 7.103259995579720432e-01
2.383040010929107222e-01 6.990689754486089091e-01 4.603259995579718766e-01
2.383040010929107222e-01 6.990689754486089091e-01 5.103259995579718655e-01
2.383040010929107222e-01 6.990689754486089091e-01 6.603259995579719988e-01
2.383040010929107222e-01 6.990689754486089091e-01 7.103259995579720432e-01
2.383040010929107222e-01 7.490689754486089535e-01 5.103259995579718655e-01
2.383040010929107222e-01 7.490689754486089535e-01 5.603259995579719099e-01
2.383040010929107222e-01 7.490689754486089535e-01 6.103259995579719543e-01
2.383040010929107222e-01 7.490689754486089535e-01 6.603259995579719988e-01
2.883040010929107111e-01 -6.509310245513912907e-01 5.103259995579718655e-01
2.883040010929107111e-01 -6.509310245513912907e-01 5.603259995579719099e-01
2.883040010929107111e-01 -6.509310245513912907e-01 6.103259995579719543e-01
2.883040010929107111e-01 -6.509310245513912907e-01 6.603259995579719988e-01
2.883040010929107111e-01 -6.009310245513912463e-01 4.603259995579718766e-01
2.883040010929107111e-01 -6.009310245513912463e-01 5.103259995579718655e-01
2.883040010929107111e-01 -6.009310245513912463e-01 6.603259995579719988e-01
2.883040010929107111e-01 -6.009310245513912463e-01 7.103259995579720432e-01
2.883040010929107111e-01 -5.509310245513912019e-01 4.103259995579718877e-01
2.883040010929107111e-01 -5.509310245513912019e-01 4.603259995579718766e-01
2.883040010929107111e-01 -5.509310245513912019e-01 7.103259995579720432e-01
2.883040010929107111e-01 -5.009310245513911575e-01 4.103259995579718877e-01
2.883040010929107111e-01 -5.009310245513911575e-01 7.603259995579720876e-01
2.883040010929107111e-01 -4.509310245513911686e-01 3.603259995579718988e-01
2.883040010929107111e-01 -4.509310245513911686e-01 7.603259995579720876e-01
2.883040010929107111e-01 -4.009310245513911797e-01 3.603259995579718988e-01
2.883040010929107111e-01 -4.009310245513911797e-01 8.103259995579721320e-01
2.883040010929107111e-01 -3.509310245513911908e-01 3.603259995579718988e-01
2.883040010929107111e-01 -3.509310245513911908e-01 8.103259995579721320e-01
2.883040010929107111e-01 -3.009310245513912019e-01 3.103259995579719099e-01
2.883040010929107111e-01 -3.009310245513912019e-01 8.103259995579721320e-01
2.883040010929107111e-01 -2.509310245513912130e-01 3.103259995579719099e-01
2.883040010929107111e-01 -2.509310245513912130e-01 8.103259995579721320e-01
2.883040010929107111e-01 -2.009310245513912241e-01 3.103259995579719099e-01
2.883040010929107111e-01 -2.009310245513912241e-01 8.603259995579721764e-01
2.883040010929107111e-01 -1.509310245513912352e-01 3.103259995579719099e-01
2.883040010929107111e-01 -1.509310245513912352e-01 8.603259995579721764e-01
2.883040010929107111e-01 -1.009310245513912324e-01 3.103259995579719099e-01
2.883040010929107111e-01 -1.009310245513912324e-01 8.603259995579721764e-01
2.883040010929107111e-01 -5.093102455139122964e-02 3.103259995579719099e-01
2.883040010929107111e-01 -5.093102455139122964e-02 8.603259995579721764e-01
2.883040010929107111e-01 -9.310245513912268622e-04 3.103259995579719099e-01
2.883040010929107111e-01 -9.310245513912268622e-04 8.603259995579721764e-01
2.883040010929107111e-01 4.906897544860877591e-02 3.103259995579719099e-01
2.883040010929107111e-01 4.906897544860877591e-02 8.603259995579721764e-01
2.883040010929107111e-01 9.906897544860877869e-02 3.103259995579719099e-01
2.883040010929107111e-01 9.906897544860877869e-02 8.603259995579721764e-01
2.883040010929107111e-01 1.490689754486087815e-01 3.103259995579719099e-01
2.883040010929107111e-01 1.490689754486087815e-01 8.603259995579721764e-01
2.883040010929107111e-01 1.990689754486087981e-01 3.103259995579719099e-01
2.883040010929107111e-01 1.990689754486087981e-01 8.603259995579721764e-01
2.883040010929107111e-01 2.490689754486087870e-01 3.103259995579719099e-01
2.883040010929107111e-01 2.990689754486087759e-01 3.103259995579719099e-01
2.883040010929107111e-01 2.990689754486087759e-01 8.103259995579721320e-01
2.883040010929107111e-01 3.490689754486087648e-01 8.103259995579721320e-01
2.883040010929107111e-01 3.990689754486087537e-01 3.603259995579718988e-01
2.883040010929107111e-01 3.990689754486087537e-01 8.103259995579721320e-01
2.883040010929107111e-01 4.490689754486087426e-01 3.603259995579718988e-01
2.883040010929107111e-01 4.490689754486087426e-01 7.603259995579720876e-01
2.883040010929107111e-01 4.990689754486087315e-01 4.103259995579718877e-01
2.883040010929107111e-01 4.990689754486087315e-01 7.603259995579720876e-01
2.883040010929107111e-01 5.490689754486087759e-01 4.103259995579718877e-01
2.883040010929107111e-01 5.490689754486087759e-01 7.103259995579720432e-01
2.883040010929107111e-01 5.990689754486088203e-01 4.603259995579718766e-01
2.883040010929107111e-01 5.990689754486088203e-01 5.103259995579718655e-01
2.883040010929107111e-01 5.990689754486088203e-01 6.603259995579719988e-01
2.883040010929107111e-01 5.990689754486088203e-01 7.103259995579720432e-01
2.883040010929107111e-01 6.490689754486088647e-01 5.103259995579718655e-01
2.883040010929107111e-01 6.490689754486088647e-01 5.603259995579719099e-01
2.883040010929107111e-01 6.490689754486088647e-01 6.103259995579719543e-01
2.883040010929107111e-01 6.490689754486088647e-01 6.603259995579719988e-01
3.383040010929107000e-01 -5.509310245513912019e-01 5.103259995579718655e-01
3.383040010929107000e-01 -5.509310245513912019e-01 5.603259995579719099e-01
3.383040010929107000e-01 -5.509310245513912019e-01 6.103259995579719543e-01
3.383040010929107000e-01 -5.009310245513911575e-01 4.603259995579718766e-01
3.383040010929107000e-01 -5.009310245513911575e-01 5.103259995579718655e-01
3.383040010929107000e-01 -5.009310245513911575e-01 5.603259995579719099e-01
3.383040010929107000e-01 -5.009310245513911575e-01 6.103259995579719543e-01
3.383040010929107000e-01 -5.009310245513911575e-01 6.603259995579719988e-01
3.383040010929107000e-01 -4.509310245513911686e-01 4.603259995579718766e-01
3.383040010929107000e-01 -4.509310245513911686e-01 5.103259995579718655e-01
3.383040010929107000e-01 -4.509310245513911686e-01 5.603259995579719099e-01
3.383040010929107000e-01 -4.509310245513911686e-01 6.103259995579719543e-01
3.383040010929107000e-01 -4.509310245513911686e-01 6.603259995579719988e-01
3.383040010929107000e-01 -4.509310245513911686e-01 7.103259995579720432e-01
3.383040010929107000e-01 -4.009310245513911797e-01 4.103259995579718877e-01
3.383040010929107000e-01 -4.009310245513911797e-01 4.603259995579718766e-01
3.383040010929107000e-01 -4.009310245513911797e-01 5.103259995579718655e-01
3.383040010929107000e-01 -4.009310245513911797e-01 6.603259995579719988e-01
3.383040010929107000e-01 -4.009310245513911797e-01 7.103259995579720432e-01
3.383040010929107000e-01 -3.509310245513911908e-01 4.103259995579718877e-01
3.383040010929107000e-01 -3.509310245513911908e-01 4.603259995579718766e-01
3.383040010929107000e-01 -3.509310245513911908e-01 7.103259995579720432e-01
3.383040010929107000e-01 -3.509310245513911908e-01 7.603259995579720876e-01
3.383040010929107000e-01 -3.009310245513912019e-01 3.603259995579718988e-01
3.383040010929107000e-01 -3.009310245513912019e-01 4.103259995579718877e-01
3.383040010929107000e-01 -3.009310245513912019e-01 7.103259995579720432e-01
3.383040010929107000e-01 -3.009310245513912019e-01 7.603259995579720876e-01
3.383040010929107000e-01 -2.509310245513912130e-01 3.603259995579718988e-01
3.383040010929107000e-01 -2.509310245513912130e-01 4.103259995579718877e-01
3.383040010929107000e-01 -2.509310245513912130e-01 7.603259995579720876e-01
3.383040010929107000e-01 -2.009310245513912241e-01 3.603259995579718988e-01
3.383040010929107000e-01 -2.009310245513912241e-01 4.103259995579718877e-01
3.383040010929107000e-01 -2.009310245513912241e-01 7.603259995579720876e-01
3.383040010929107000e-01 -1.509310245513912352e-01 3.603259995579718988e-01
3.383040010929107000e-01 -1.509310245513912352e-01 7.603259995579720876e-01
3.383040010929107000e-01 -1.509310245513912352e-01 8.103259995579721320e-01
3.383040010929107000e-01 -1.009310245513912324e-01 3.603259995579718988e-01
3.383040010929107000e-01 -1.009310245513912324e-01 7.603259995579720876e-01
3.383040010929107000e-01 -1.009310245513912324e-01 8.103259995579721320e-01
3.383040010929107000e-01 -5.093102455139122964e-02 3.603259995579718988e-01
3.383040010929107000e-01 -5.093102455139122964e-02 7.603259995579720876e-01
3.383040010929107000e-01 -5.093102455139122964e-02 8.103259995579721320e-01
3.383040010929107000e-01 -9.310245513912268622e-04 3.603259995579718988e-01
3.383040010929107000e-01 -9.310245513912268622e-04 7.603259995579720876e-01
3.383040010929107000e-01 -9.310245513912268622e-04 8.103259995579721320e-01
3.383040010929107000e-01 4.906897544860877591e-02 3.603259995579718988e-01
3.383040010929107000e-01 4.906897544860877591e-02 7.603259995579720876e-01
3.383040010929107000e-01 4.906897544860877591e-02 8.103259995579721320e-01
3.383040010929107000e-01 9.906897544860877869e-02 3.603259995579718988e-01
3.383040010929107000e-01 9.906897544860877869e-02 7.603259995579720876e-01
3.383040010929107000e-01 9.906897544860877869e-02 8.103259995579721320e-01
3.383040010929107000e-01 1.490689754486087815e-01 3.603259995579718988e-01
3.383040010929107000e-01 1.490689754486087815e-01 7.603259995579720876e-01
3.383040010929107000e-01 1.490689754486087815e-01 8.103259995579721320e-01
3.383040010929107000e-01 1.990689754486087981e-01 3.603259995579718988e-01
3.383040010929107000e-01 1.990689754486087981e-01 7.603259995579720876e-01
3.383040010929107000e-01 2.490689754486087870e-01 3.603259995579718988e-01
3.383040010929107000e-01 2.490689754486087870e-01 4.103259995579718877e-01
3.383040010929107000e-01 2.490689754486087870e-01 7.603259995579720876e-01
3.383040010929107000e-01 2.990689754486087759e-01 3.603259995579718988e-01
3.383040010929107000e-01 2.990689754486087759e-01 4.103259995579718877e-01
3.383040010929107000e-01 2.990689754486087759e-01 7.603259995579720876e-01
3.383040010929107000e-01 3.490689754486087648e-01 4.103259995579718877e-01
3.383040010929107000e-01 3.490689754486087648e-01 4.603259995579718766e-01
3.383040010929107000e-01 3.490689754486087648e-01 7.103259995579720432e-01
3.383040010929107000e-01 3.490689754486087648e-01 7.603259995579720876e-01
3.383040010929107000e-01 3.990689754486087537e-01 4.103259995579718877e-01
3.383040010929107000e-01 3.990689754486087537e-01 4.603259995579718766e-01
3.383040010929107000e-01 3.990689754486087537e-01 5.103259995579718655e-01
3.383040010929107000e-01 3.990689754486087537e-01 6.603259995579719988e-01
3.383040010929107000e-01 3.990689754486087537e-01 7.103259995579720432e-01
3.383040010929107000e-01 4.490689754486087426e-01 4.603259995579718766e-01
3.383040010929107000e-01 4.490689754486087426e-01 5.103259995579718655e-01
3.383040010929107000e-01 4.490689754486087426e-01 5.603259995579719099e-01
3.383040010929107000e-01 4.490689754486087426e-01 6.103259995579719543e-01
3.383040010929107000e-01 4.490689754486087426e-01 6.603259995579719988e-01
3.383040010929107000e-01 4.490689754486087426e-01 7.103259995579720432e-01
3.383040010929107000e-01 4.990689754486087315e-01 4.603259995579718766e-01
3.383040010929107000e-01 4.990689754486087315e-01 5.103259995579718655e-01
3.383040010929107000e-01 4.990689754486087315e-01 5.603259995579719099e-01
3.383040010929107000e-01 4.990689754486087315e-01 6.103259995579719543e-01
3.383040010929107000e-01 4.990689754486087315e-01 6.603259995579719988e-01
3.383040010929107000e-01 5.490689754486087759e-01 5.103259995579718655e-01
3.383040010929107000e-01 5.490689754486087759e-01 5.603259995579719099e-01
3.383040010929107000e-01 5.490689754486087759e-01 6.103259995579719543e-01
3.883040010929106889e-01 -3.509310245513911908e-01 5.103259995579718655e-01
3.883040010929106889e-01 -3.509310245513911908e-01 5.603259995579719099e-01
3.883040010929106889e-01 -3.509310245513911908e-01 6.103259995579719543e-01
3.883040010929106889e-01 -3.009310245513912019e-01 5.103259995579718655e-01
3.883040010929106889e-01 -3.009310245513912019e-01 5.603259995579719099e-01
3.883040010929106889e-01 -3.009310245513912019e-01 6.103259995579719543e-01
3.883040010929106889e-01 -3.009310245513912019e-01 6.603259995579719988e-01
3.883040010929106889e-01 -2.509310245513912130e-01 4.603259995579718766e-01
3.883040010929106889e-01 -2.509310245513912130e-01 5.103259995579718655e-01
3.883040010929106889e-01 -2.509310245513912130e-01 5.603259995579719099e-01
3.883040010929106889e-01 -2.509310245513912130e-01 6.103259995579719543e-01
3.883040010929106889e-01 -2.509310245513912130e-01 6.603259995579719988e-01
3.883040010929106889e-01 -2.009310245513912241e-01 4.603259995579718766e-01
3.883040010929106889e-01 -2.009310245513912241e-01 5.103259995579718655e-01
3.883040010929106889e-01 -2.009310245513912241e-01 5.603259995579719099e-01
3.883040010929106889e-01 -2.009310245513912241e-01 6.103259995579719543e-01
3.883040010929106889e-01 -2.009310245513912241e-01 6.603259995579719988e-01
3.883040010929106889e-01 -2.009310245513912241e-01 7.103259995579720432e-01
3.883040010929106889e-01 -1.509310245513912352e-01 4.603259995579718766e-01
3.883040010929106889e-01 -1.509310245513912352e-01 5.103259995579718655e-01
3.883040010929106889e-01 -1.509310245513912352e-01 5.603259995579719099e-01
3.883040010929106889e-01 -1.509310245513912352e-01 6.103259995579719543e-01
3.883040010929106889e-01 -1.509310245513912352e-01 6.603259995579719988e-01
3.883040010929106889e-01 -1.509310245513912352e-01 7.103259995579720432e-01
3.883040010929106889e-01 -1.009310245513912324e-01 4.103259995579718877e-01
3.883040010929106889e-01 -1.009310245513912324e-01 4.603259995579718766e-01
3.883040010929106889e-01 -1.009310245513912324e-01 5.103259995579718655e-01
3.883040010929106889e-01 -1.009310245513912324e-01 5.603259995579719099e-01
3.883040010929106889e-01 -1.009310245513912324e-01 6.103259995579719543e-01
3.883040010929106889e-01 -1.009310245513912324e-01 6.603259995579719988e-01
3.883040010929106889e-01 -1.009310245513912324e-01 7.103259995579720432e-01
3.883040010929106889e-01 -5.093102455139122964e-02 4.103259995579718877e-01
3.883040010929106889e-01 -5.093102455139122964e-02 4.603259995579718766e-01
3.883040010929106889e-01 -5.093102455139122964e-02 5.103259995579718655e-01
3.883040010929106889e-01 -5.093102455139122964e-02 5.603259995579719099e-01
3.883040010929106889e-01 -5.093102455139122964e-02 6.103259995579719543e-01
3.883040010929106889e-01 -5.093102455139122964e-02 6.603259995579719988e-01
3.883040010929106889e-01 -5.093102455139122964e-02 7.103259995579720432e-01
3.883040010929106889e-01 -9.310245513912268622e-04 4.103259995579718877e-01
3.883040010929106889e-01 -9.310245513912268622e-04 4.603259995579718766e-01
3.883040010929106889e-01 -9.310245513912268622e-04 5.103259995579718655e-01
3.883040010929106889e-01 -9.310245513912268622e-04 5.603259995579719099e-01
3.883040010929106889e-01 -9.310245513912268622e-04 6.103259995579719543e-01
3.883040010929106889e-01 -9.310245513912268622e-04 6.603259995579719988e-01
3.883040010929106889e-01 -9.310245513912268622e-04 7.103259995579720432e-01
3.883040010929106889e-01 4.906897544860877591e-02 4.103259995579718877e-01
3.883040010929106889e-01 4.906897544860877591e-02 4.603259995579718766e-01
3.883040010929106889e-01 4.906897544860877591e-02 5.103259995579718655e-01
3.883040010929106889e-01 4.906897544860877591e-02 5.603259995579719099e-01
3.883040010929106889e-01 4.906897544860877591e-02 6.103259995579719543e-01
3.883040010929106889e-01 4.906897544860877591e-02 6.603259995579719988e-01
3.883040010929106889e-01 4.906897544860877591e-02 7.103259995579720432e-01
3.883040010929106889e-01 9.906897544860877869e-02 4.103259995579718877e-01
3.883040010929106889e-01 9.906897544860877869e-02 4.603259995579718766e-01
3.883040010929106889e-01 9.906897544860877869e-02 5.103259995579718655e-01
3.883040010929106889e-01 9.906897544860877869e-02 5.603259995579719099e-01
3.883040010929106889e-01 9.906897544860877869e-02 6.103259995579719543e-01
3.883040010929106889e-01 9.906897544860877869e-02 6.603259995579719988e-01
3.883040010929106889e-01 9.906897544860877869e-02 7.103259995579720432e-01
3.883040010929106889e-01 1.490689754486087815e-01 4.603259995579718766e-01
3.883040010929106889e-01 1.490689754486087815e-01 5.103259995579718655e-01
3.883040010929106889e-01 1.490689754486087815e-01 5.603259995579719099e-01
3.883040010929106889e-01 1.490689754486087815e-01 6.103259995579719543e-01
3.883040010929106889e-01 1.490689754486087815e-01 6.603259995579719988e-01
3.883040010929106889e-01 1.490689754486087815e-01 7.103259995579720432e-01
3.883040010929106889e-01 1.990689754486087981e-01 4.603259995579718766e-01
3.883040010929106889e-01 1.990689754486087981e-01 5.103259995579718655e-01
3.883040010929106889e-01 1.990689754486087981e-01 5.603259995579719099e-01
3.883040010929106889e-01 1.990689754486087981e-01 6.103259995579719543e-01
3.883040010929106889e-01 1.990689754486087981e-01 6.603259995579719988e-01
3.883040010929106889e-01 1.990689754486087981e-01 7.103259995579720432e-01
3.883040010929106889e-01 2.490689754486087870e-01 4.603259995579718766e-01
3.883040010929106889e-01 2.490689754486087870e-01 5.103259995579718655e-01
3.883040010929106889e-01 2.490689754486087870e-01 5.603259995579719099e-01
3.883040010929106889e-01 2.490689754486087870e-01 6.103259995579719543e-01
3.883040010929106889e-01 2.490689754486087870e-01 6.603259995579719988e-01
3.883040010929106889e-01 2.990689754486087759e-01 5.103259995579718655e-01
3.883040010929106889e-01 2.990689754486087759e-01 5.603259995579719099e-01
3.883040010929106889e-01 2.990689754486087759e-01 6.103259995579719543e-01
3.883040010929106889e-01 2.990689754486087759e-01 6.603259995579719988e-01
3.883040010929106889e-01 3.490689754486087648e-01 5.103259995579718655e-01
3.883040010929106889e-01 3.490689754486087648e-01 5.603259995579719099e-01
3.883040010929106889e-01 3.490689754486087648e-01 6.103259995579719543e-01
