-2.569070544658983435e-01 -2.956229697020165137e-01 6.190242979906156462e-01
-2.569070544658983435e-01 -1.956229697020165081e-01 5.190242979906156684e-01
-2.569070544658983435e-01 -1.956229697020165081e-01 6.190242979906156462e-01
-2.569070544658983435e-01 -9.562296970201650259e-02 5.190242979906156684e-01
-2.569070544658983435e-01 -9.562296970201650259e-02 6.190242979906156462e-01
-2.569070544658983435e-01 4.377030297983502960e-03 5.190242979906156684e-01
-2.569070544658983435e-01 4.377030297983502960e-03 6.190242979906156462e-01
-2.569070544658983435e-01 1.043770302979835085e-01 5.190242979906156684e-01
-2.569070544658983435e-01 1.043770302979835085e-01 6.190242979906156462e-01
-2.569070544658983435e-01 2.043770302979835141e-01 5.190242979906156684e-01
-2.569070544658983435e-01 2.043770302979835141e-01 6.190242979906156462e-01
-2.569070544658983435e-01 3.043770302979835196e-01 6.190242979906156462e-01
-1.569070544658983379e-01 -5.956229697020164471e-01 6.190242979906156462e-01
-1.569070544658983379e-01 -4.956229697020164693e-01 5.190242979906156684e-01
-1.569070544658983379e-01 -4.956229697020164693e-01 6.190242979906156462e-01
-1.569070544658983379e-01 -3.956229697020164915e-01 4.190242979906156906e-01
-1.569070544658983379e-01 -3.956229697020164915e-01 5.190242979906156684e-01
-1.569070544658983379e-01 -3.956229697020164915e-01 6.190242979906156462e-01
-1.569070544658983379e-01 -3.956229697020164915e-01 7.190242979906156240e-01
-1.569070544658983379e-01 -2.956229697020165137e-01 4.190242979906156906e-01
-1.569070544658983379e-01 -2.956229697020165137e-01 5.190242979906156684e-01
-1.569070544658983379e-01 -2.956229697020165137e-01 6.190242979906156462e-01
-1.569070544658983379e-01 -2.956229697020165137e-01 7.190242979906156240e-01
-1.569070544658983379e-01 -1.956229697020165081e-01 4.190242979906156906e-01
-1.569070544658983379e-01 -1.956229697020165081e-01 5.190242979906156684e-01
-1.569070544658983379e-01 -1.956229697020165081e-01 6.190242979906156462e-01
-1.569070544658983379e-01 -1.956229697020165081e-01 7.190242979906156240e-01
-1.569070544658983379e-01 -9.562296970201650259e-02 4.190242979906156906e-01
-1.569070544658983379e-01 -9.562296970201650259e-02 5.190242979906156684e-01
-1.569070544658983379e-01 -9.562296970201650259e-02 6.190242979906156462e-01
-1.569070544658983379e-01 -9.562296970201650259e-02 7.190242979906156240e-01
-1.569070544658983379e-01 4.377030297983502960e-03 4.190242979906156906e-01
-1.569070544658983379e-01 4.377030297983502960e-03 5.190242979906156684e-01
-1.569070544658983379e-01 4.377030297983502960e-03 6.190242979906156462e-01
-1.569070544658983379e-01 4.377030297983502960e-03 7.190242979906156240e-01
-1.569070544658983379e-01 1.043770302979835085e-01 4.190242979906156906e-01
-1.569070544658983379e-01 1.043770302979835085e-01 5.190242979906156684e-01
-1.569070544658983379e-01 1.043770302979835085e-01 6.190242979906156462e-01
-1.569070544658983379e-01 1.043770302979835085e-01 7.190242979906156240e-01
-1.569070544658983379e-01 2.043770302979835141e-01 4.190242979906156906e-01
-1.569070544658983379e-01 2.043770302979835141e-01 5.190242979906156684e-01
-1.569070544658983379e-01 2.043770302979835141e-01 6.190242979906156462e-01
-1.569070544658983379e-01 2.043770302979835141e-01 7.190242979906156240e-01
-1.569070544658983379e-01 3.043770302979835196e-01 4.190242979906156906e-01
-1.569070544658983379e-01 3.043770302979835196e-01 5.190242979906156684e-01
-1.569070544658983379e-01 3.043770302979835196e-01 6.190242979906156462e-01
-1.569070544658983379e-01 3.043770302979835196e-01 7.190242979906156240e-01
-1.569070544658983379e-01 4.043770302979835529e-01 4.190242979906156906e-01
-1.569070544658983379e-01 4.043770302979835529e-01 5.190242979906156684e-01
-1.569070544658983379e-01 4.043770302979835529e-01 6.190242979906156462e-01
-1.569070544658983379e-01 4.043770302979835529e-01 7.190242979906156240e-01
-1.569070544658983379e-01 5.043770302979835307e-01 5.190242979906156684e-01
-1.569070544658983379e-01 5.043770302979835307e-01 6.190242979906156462e-01
-5.690705446589833238e-02 -6.956229697020164249e-01 5.190242979906156684e-01
-5.690705446589833238e-02 -6.956229697020164249e-01 6.190242979906156462e-01
-5.690705446589833238e-02 -5.956229697020164471e-01 4.190242979906156906e-01
-5.690705446589833238e-02 -5.956229697020164471e-01 5.190242979906156684e-01
-5.690705446589833238e-02 -5.956229697020164471e-01 6.190242979906156462e-01
-5.690705446589833238e-02 -5.956229697020164471e-01 7.190242979906156240e-01
-5.690705446589833238e-02 -4.956229697020164693e-01 4.190242979906156906e-01
-5.690705446589833238e-02 -4.956229697020164693e-01 5.190242979906156684e-01
-5.690705446589833238e-02 -4.956229697020164693e-01 6.190242979906156462e-01
-5.690705446589833238e-02 -4.956229697020164693e-01 7.190242979906156240e-01
-5.690705446589833238e-02 -3.956229697020164915e-01 4.190242979906156906e-01
-5.690705446589833238e-02 -3.956229697020164915e-01 5.190242979906156684e-01
-5.690705446589833238e-02 -3.956229697020164915e-01 6.190242979906156462e-01
-5.690705446589833238e-02 -3.956229697020164915e-01 7.190242979906156240e-01
-5.690705446589833238e-02 -2.956229697020165137e-01 4.190242979906156906e-01
-5.690705446589833238e-02 -2.956229697020165137e-01 5.190242979906156684e-01
-5.690705446589833238e-02 -2.956229697020165137e-01 6.190242979906156462e-01
-5.690705446589833238e-02 -2.956229697020165137e-01 7.190242979906156240e-01
-5.690705446589833238e-02 -2.956229697020165137e-01 8.190242979906156018e-01
-5.690705446589833238e-02 -1.956229697020165081e-01 3.190242979906157128e-01
-5.690705446589833238e-02 -1.956229697020165081e-01 4.190242979906156906e-01
-5.690705446589833238e-02 -1.956229697020165081e-01 5.190242979906156684e-01
-5.690705446589833238e-02 -1.956229697020165081e-01 6.190242979906156462e-01
-5.690705446589833238e-02 -1.956229697020165081e-01 7.190242979906156240e-01
-5.690705446589833238e-02 -1.956229697020165081e-01 8.190242979906156018e-01
-5.690705446589833238e-02 -9.562296970201650259e-02 3.190242979906157128e-01
-5.690705446589833238e-02 -9.562296970201650259e-02 4.190242979906156906e-01
-5.690705446589833238e-02 -9.562296970201650259e-02 5.190242979906156684e-01
-5.690705446589833238e-02 -9.562296970201650259e-02 6.190242979906156462e-01
-5.690705446589833238e-02 -9.562296970201650259e-02 7.190242979906156240e-01
-5.690705446589833238e-02 -9.562296970201650259e-02 8.190242979906156018e-01
-5.690705446589833238e-02 4.377030297983502960e-03 3.190242979906157128e-01
-5.690705446589833238e-02 4.377030297983502960e-03 4.190242979906156906e-01
-5.690705446589833238e-02 4.377030297983502960e-03 5.190242979906156684e-01
-5.690705446589833238e-02 4.377030297983502960e-03 6.190242979906156462e-01
-5.690705446589833238e-02 4.377030297983502960e-03 7.190242979906156240e-01
-5.690705446589833238e-02 4.377030297983502960e-03 8.190242979906156018e-01
-5.690705446589833238e-02 1.043770302979835085e-01 3.190242979906157128e-01
-5.690705446589833238e-02 1.043770302979835085e-01 4.190242979906156906e-01
-5.690705446589833238e-02 1.043770302979835085e-01 5.190242979906156684e-01
-5.690705446589833238e-02 1.043770302979835085e-01 6.190242979906156462e-01
-5.690705446589833238e-02 1.043770302979835085e-01 7.190242979906156240e-01
-5.690705446589833238e-02 1.043770302979835085e-01 8.190242979906156018e-01
-5.690705446589833238e-02 2.043770302979835141e-01 3.190242979906157128e-01
-5.690705446589833238e-02 2.043770302979835141e-01 4.190242979906156906e-01
-5.690705446589833238e-02 2.043770302979835141e-01 5.190242979906156684e-01
-5.690705446589833238e-02 2.043770302979835141e-01 6.190242979906156462e-01
-5.690705446589833238e-02 2.043770302979835141e-01 7.190242979906156240e-01
-5.690705446589833238e-02 2.043770302979835141e-01 8.190242979906156018e-01
-5.690705446589833238e-02 3.043770302979835196e-01 3.190242979906157128e-01
-5.690705446589833238e-02 3.043770302979835196e-01 4.190242979906156906e-01
-5.690705446589833238e-02 3.043770302979835196e-01 5.190242979906156684e-01
-5.690705446589833238e-02 3.043770302979835196e-01 6.190242979906156462e-01
-5.690705446589833238e-02 3.043770302979835196e-01 7.190242979906156240e-01
-5.690705446589833238e-02 3.043770302979835196e-01 8.190242979906156018e-01
-5.690705446589833238e-02 4.043770302979835529e-01 4.190242979906156906e-01
-5.690705446589833238e-02 4.043770302979835529e-01 5.190242979906156684e-01
-5.690705446589833238e-02 4.043770302979835529e-01 6.190242979906156462e-01
-5.690705446589833238e-02 4.043770302979835529e-01 7.190242979906156240e-01
-5.690705446589833238e-02 5.043770302979835307e-01 4.190242979906156906e-01
-5.690705446589833238e-02 5.043770302979835307e-01 5.190242979906156684e-01
-5.690705446589833238e-02 5.043770302979835307e-01 6.190242979906156462e-01
-5.690705446589833238e-02 5.043770302979835307e-01 7.190242979906156240e-01
-5.690705446589833238e-02 6.043770302979835085e-01 5.190242979906156684e-01
-5.690705446589833238e-02 6.043770302979835085e-01 6.190242979906156462e-01
-5.690705446589833238e-02 6.043770302979835085e-01 7.190242979906156240e-01
-5.690705446589833238e-02 7.043770302979834863e-01 5.190242979906156684e-01
-5.690705446589833238e-02 7.043770302979834863e-01 6.190242979906156462e-01
4.309294553410167317e-02 -6.956229697020164249e-01 5.190242979906156684e-01
4.309294553410167317e-02 -6.956229697020164249e-01 6.190242979906156462e-01
4.309294553410167317e-02 -5.956229697020164471e-01 4.190242979906156906e-01
4.309294553410167317e-02 -5.956229697020164471e-01 5.190242979906156684e-01
4.309294553410167317e-02 -5.956229697020164471e-01 6.190242979906156462e-01
4.309294553410167317e-02 -5.956229697020164471e-01 7.190242979906156240e-01
4.309294553410167317e-02 -4.956229697020164693e-01 4.190242979906156906e-01
4.309294553410167317e-02 -4.956229697020164693e-01 5.190242979906156684e-01
4.309294553410167317e-02 -4.956229697020164693e-01 6.190242979906156462e-01
4.309294553410167317e-02 -4.956229697020164693e-01 7.190242979906156240e-01
4.309294553410167317e-02 -3.956229697020164915e-01 4.190242979906156906e-01
4.309294553410167317e-02 -3.956229697020164915e-01 5.190242979906156684e-01
4.309294553410167317e-02 -3.956229697020164915e-01 6.190242979906156462e-01
4.309294553410167317e-02 -3.956229697020164915e-01 7.190242979906156240e-01
4.309294553410167317e-02 -2.956229697020165137e-01 4.190242979906156906e-01
4.309294553410167317e-02 -2.956229697020165137e-01 5.190242979906156684e-01
4.309294553410167317e-02 -2.956229697020165137e-01 6.190242979906156462e-01
4.309294553410167317e-02 -2.956229697020165137e-01 7.190242979906156240e-01
4.309294553410167317e-02 -2.956229697020165137e-01 8.190242979906156018e-01
4.309294553410167317e-02 -1.956229697020165081e-01 3.190242979906157128e-01
4.309294553410167317e-02 -1.956229697020165081e-01 4.190242979906156906e-01
4.309294553410167317e-02 -1.956229697020165081e-01 5.190242979906156684e-01
4.309294553410167317e-02 -1.956229697020165081e-01 6.190242979906156462e-01
4.309294553410167317e-02 -1.956229697020165081e-01 7.190242979906156240e-01
4.309294553410167317e-02 -1.956229697020165081e-01 8.190242979906156018e-01
4.309294553410167317e-02 -9.562296970201650259e-02 3.190242979906157128e-01
4.309294553410167317e-02 -9.562296970201650259e-02 4.190242979906156906e-01
4.309294553410167317e-02 -9.562296970201650259e-02 5.190242979906156684e-01
4.309294553410167317e-02 -9.562296970201650259e-02 6.190242979906156462e-01
4.309294553410167317e-02 -9.562296970201650259e-02 7.190242979906156240e-01
4.309294553410167317e-02 -9.562296970201650259e-02 8.190242979906156018e-01
4.309294553410167317e-02 4.377030297983502960e-03 3.190242979906157128e-01
4.309294553410167317e-02 4.377030297983502960e-03 4.190242979906156906e-01
4.309294553410167317e-02 4.377030297983502960e-03 5.190242979906156684e-01
4.309294553410167317e-02 4.377030297983502960e-03 6.190242979906156462e-01
4.309294553410167317e-02 4.377030297983502960e-03 7.190242979906156240e-01
4.309294553410167317e-02 4.377030297983502960e-03 8.190242979906156018e-01
4.309294553410167317e-02 1.043770302979835085e-01 3.190242979906157128e-01
4.309294553410167317e-02 1.043770302979835085e-01 4.190242979906156906e-01
4.309294553410167317e-02 1.043770302979835085e-01 5.190242979906156684e-01
4.309294553410167317e-02 1.043770302979835085e-01 6.190242979906156462e-01
4.309294553410167317e-02 1.043770302979835085e-01 7.190242979906156240e-01
4.309294553410167317e-02 1.043770302979835085e-01 8.190242979906156018e-01
4.309294553410167317e-02 2.043770302979835141e-01 3.190242979906157128e-01
4.309294553410167317e-02 2.043770302979835141e-01 4.190242979906156906e-01
4.309294553410167317e-02 2.043770302979835141e-01 5.190242979906156684e-01
4.309294553410167317e-02 2.043770302979835141e-01 6.190242979906156462e-01
4.309294553410167317e-02 2.043770302979835141e-01 7.190242979906156240e-01
4.309294553410167317e-02 2.043770302979835141e-01 8.190242979906156018e-01
4.309294553410167317e-02 3.043770302979835196e-01 3.190242979906157128e-01
4.309294553410167317e-02 3.043770302979835196e-01 4.190242979906156906e-01
4.309294553410167317e-02 3.043770302979835196e-01 5.190242979906156684e-01
4.309294553410167317e-02 3.043770302979835196e-01 6.190242979906156462e-01
4.309294553410167317e-02 3.043770302979835196e-01 7.190242979906156240e-01
4.309294553410167317e-02 3.043770302979835196e-01 8.190242979906156018e-01
4.309294553410167317e-02 4.043770302979835529e-01 4.190242979906156906e-01
4.309294553410167317e-02 4.043770302979835529e-01 5.190242979906156684e-01
4.309294553410167317e-02 4.043770302979835529e-01 6.190242979906156462e-01
4.309294553410167317e-02 4.043770302979835529e-01 7.190242979906156240e-01
4.309294553410167317e-02 5.043770302979835307e-01 4.190242979906156906e-01
4.309294553410167317e-02 5.043770302979835307e-01 5.190242979906156684e-01
4.309294553410167317e-02 5.043770302979835307e-01 6.190242979906156462e-01
4.309294553410167317e-02 5.043770302979835307e-01 7.190242979906156240e-01
4.309294553410167317e-02 6.043770302979835085e-01 4.190242979906156906e-01
4.309294553410167317e-02 6.043770302979835085e-01 5.190242979906156684e-01
4.309294553410167317e-02 6.043770302979835085e-01 6.190242979906156462e-01
4.309294553410167317e-02 6.043770302979835085e-01 7.190242979906156240e-01
4.309294553410167317e-02 7.043770302979834863e-01 5.190242979906156684e-01
4.309294553410167317e-02 7.043770302979834863e-01 6.190242979906156462e-01
1.430929455341016787e-01 -5.956229697020164471e-01 5.190242979906156684e-01
1.430929455341016787e-01 -5.956229697020164471e-01 6.190242979906156462e-01
1.430929455341016787e-01 -4.956229697020164693e-01 5.190242979906156684e-01
1.430929455341016787e-01 -4.956229697020164693e-01 6.190242979906156462e-01
1.430929455341016787e-01 -3.956229697020164915e-01 4.190242979906156906e-01
1.430929455341016787e-01 -3.956229697020164915e-01 5.190242979906156684e-01
1.430929455341016787e-01 -3.956229697020164915e-01 6.190242979906156462e-01
1.430929455341016787e-01 -3.956229697020164915e-01 7.190242979906156240e-01
1.430929455341016787e-01 -2.956229697020165137e-01 4.190242979906156906e-01
1.430929455341016787e-01 -2.956229697020165137e-01 5.190242979906156684e-01
1.430929455341016787e-01 -2.956229697020165137e-01 6.190242979906156462e-01
1.430929455341016787e-01 -2.956229697020165137e-01 7.190242979906156240e-01
1.430929455341016787e-01 -1.956229697020165081e-01 4.190242979906156906e-01
1.430929455341016787e-01 -1.956229697020165081e-01 5.190242979906156684e-01
1.430929455341016787e-01 -1.956229697020165081e-01 6.190242979906156462e-01
1.430929455341016787e-01 -1.956229697020165081e-01 7.190242979906156240e-01
1.430929455341016787e-01 -9.562296970201650259e-02 4.190242979906156906e-01
1.430929455341016787e-01 -9.562296970201650259e-02 5.190242979906156684e-01
1.430929455341016787e-01 -9.562296970201650259e-02 6.190242979906156462e-01
1.430929455341016787e-01 -9.562296970201650259e-02 7.190242979906156240e-01
1.430929455341016787e-01 4.377030297983502960e-03 4.190242979906156906e-01
1.430929455341016787e-01 4.377030297983502960e-03 5.190242979906156684e-01
1.430929455341016787e-01 4.377030297983502960e-03 6.190242979906156462e-01
1.430929455341016787e-01 4.377030297983502960e-03 7.190242979906156240e-01
1.430929455341016787e-01 1.043770302979835085e-01 4.190242979906156906e-01
1.430929455341016787e-01 1.043770302979835085e-01 5.190242979906156684e-01
1.430929455341016787e-01 1.043770302979835085e-01 6.190242979906156462e-01
1.430929455341016787e-01 1.043770302979835085e-01 7.190242979906156240e-01
1.430929455341016787e-01 2.043770302979835141e-01 4.190242979906156906e-01
1.430929455341016787e-01 2.043770302979835141e-01 5.190242979906156684e-01
1.430929455341016787e-01 2.043770302979835141e-01 6.190242979906156462e-01
1.430929455341016787e-01 2.043770302979835141e-01 7.190242979906156240e-01
1.430929455341016787e-01 3.043770302979835196e-01 4.190242979906156906e-01
1.430929455341016787e-01 3.043770302979835196e-01 5.190242979906156684e-01
1.430929455341016787e-01 3.043770302979835196e-01 6.190242979906156462e-01
1.430929455341016787e-01 3.043770302979835196e-01 7.190242979906156240e-01
1.430929455341016787e-01 4.043770302979835529e-01 4.190242979906156906e-01
1.430929455341016787e-01 4.043770302979835529e-01 5.190242979906156684e-01
1.430929455341016787e-01 4.043770302979835529e-01 6.190242979906156462e-01
1.430929455341016787e-01 4.043770302979835529e-01 7.190242979906156240e-01
1.430929455341016787e-01 5.043770302979835307e-01 5.190242979906156684e-01
1.430929455341016787e-01 5.043770302979835307e-01 6.190242979906156462e-01
1.430929455341016787e-01 6.043770302979835085e-01 5.190242979906156684e-01
1.430929455341016787e-01 6.043770302979835085e-01 6.190242979906156462e-01
2.430929455341016843e-01 -2.956229697020165137e-01 5.190242979906156684e-01
2.430929455341016843e-01 -2.956229697020165137e-01 6.190242979906156462e-01
2.430929455341016843e-01 -1.956229697020165081e-01 5.190242979906156684e-01
2.430929455341016843e-01 -1.956229697020165081e-01 6.190242979906156462e-01
2.430929455341016843e-01 -9.562296970201650259e-02 5.190242979906156684e-01
2.430929455341016843e-01 -9.562296970201650259e-02 6.190242979906156462e-01
2.430929455341016843e-01 4.377030297983502960e-03 5.190242979906156684e-01
2.430929455341016843e-01 4.377030297983502960e-03 6.190242979906156462e-01
2.430929455341016843e-01 1.043770302979835085e-01 5.190242979906156684e-01
2.430929455341016843e-01 1.043770302979835085e-01 6.190242979906156462e-01
2.430929455341016843e-01 2.043770302979835141e-01 5.190242979906156684e-01
2.430929455341016843e-01 2.043770302979835141e-01 6.190242979906156462e-01
2.430929455341016843e-01 3.043770302979835196e-01 5.190242979906156684e-01
2.430929455341016843e-01 3.043770302979835196e-01 6.190242979906156462e-01
