-3.616959989070892556e-01 -3.009310245513917570e-01 5.103259995579719766e-01
-3.616959989070892556e-01 -3.009310245513917570e-01 6.103259995579719543e-01
-3.616959989070892556e-01 -2.009310245513917514e-01 5.103259995579719766e-01
-3.616959989070892556e-01 -2.009310245513917514e-01 6.103259995579719543e-01
-3.616959989070892556e-01 -1.009310245513917459e-01 5.103259995579719766e-01
-3.616959989070892556e-01 -1.009310245513917459e-01 6.103259995579719543e-01
-3.616959989070892556e-01 -1.009310245513917459e-01 7.103259995579719321e-01
-3.616959989070892556e-01 -9.310245513917403404e-04 5.103259995579719766e-01
-3.616959989070892556e-01 -9.310245513917403404e-04 6.103259995579719543e-01
-3.616959989070892556e-01 -9.310245513917403404e-04 7.103259995579719321e-01
-3.616959989070892556e-01 9.906897544860826521e-02 5.103259995579719766e-01
-3.616959989070892556e-01 9.906897544860826521e-02 6.103259995579719543e-01
-3.616959989070892556e-01 9.906897544860826521e-02 7.103259995579719321e-01
-3.616959989070892556e-01 1.990689754486082708e-01 5.103259995579719766e-01
-3.616959989070892556e-01 1.990689754486082708e-01 6.103259995579719543e-01
-3.616959989070892556e-01 2.990689754486082763e-01 5.103259995579719766e-01
-3.616959989070892556e-01 2.990689754486082763e-01 6.103259995579719543e-01
-2.616959989070892778e-01 -6.009310245513916904e-01 5.103259995579719766e-01
-2.616959989070892778e-01 -6.009310245513916904e-01 6.103259995579719543e-01
-2.616959989070892778e-01 -5.009310245513917126e-01 4.103259995579719988e-01
-2.616959989070892778e-01 -5.009310245513917126e-01 5.103259995579719766e-01
-2.616959989070892778e-01 -5.009310245513917126e-01 6.103259995579719543e-01
-2.616959989070892778e-01 -5.009310245513917126e-01 7.103259995579719321e-01
-2.616959989070892778e-01 -4.009310245513917348e-01 4.103259995579719988e-01
-2.616959989070892778e-01 -4.009310245513917348e-01 5.103259995579719766e-01
-2.616959989070892778e-01 -4.009310245513917348e-01 6.103259995579719543e-01
-2.616959989070892778e-01 -4.009310245513917348e-01 7.103259995579719321e-01
-2.616959989070892778e-01 -3.009310245513917570e-01 4.103259995579719988e-01
-2.616959989070892778e-01 -3.009310245513917570e-01 5.103259995579719766e-01
-2.616959989070892778e-01 -3.009310245513917570e-01 6.103259995579719543e-01
-2.616959989070892778e-01 -3.009310245513917570e-01 7.103259995579719321e-01
-2.616959989070892778e-01 -2.009310245513917514e-01 4.103259995579719988e-01
-2.616959989070892778e-01 -2.009310245513917514e-01 5.103259995579719766e-01
-2.616959989070892778e-01 -2.009310245513917514e-01 6.103259995579719543e-01
-2.616959989070892778e-01 -2.009310245513917514e-01 7.103259995579719321e-01
-2.616959989070892778e-01 -1.009310245513917459e-01 4.103259995579719988e-01
-2.616959989070892778e-01 -1.009310245513917459e-01 5.103259995579719766e-01
-2.616959989070892778e-01 -1.009310245513917459e-01 6.103259995579719543e-01
-2.616959989070892778e-01 -1.009310245513917459e-01 7.103259995579719321e-01
-2.616959989070892778e-01 -9.310245513917403404e-04 4.103259995579719988e-01
-2.616959989070892778e-01 -9.310245513917403404e-04 5.103259995579719766e-01
-2.616959989070892778e-01 -9.310245513917403404e-04 6.103259995579719543e-01
-2.616959989070892778e-01 -9.310245513917403404e-04 7.103259995579719321e-01
-2.616959989070892778e-01 9.906897544860826521e-02 4.103259995579719988e-01
-2.616959989070892778e-01 9.906897544860826521e-02 5.103259995579719766e-01
-2.616959989070892778e-01 9.906897544860826521e-02 6.103259995579719543e-01
-2.616959989070892778e-01 9.906897544860826521e-02 7.103259995579719321e-01
-2.616959989070892778e-01 1.990689754486082708e-01 4.103259995579719988e-01
-2.616959989070892778e-01 1.990689754486082708e-01 5.103259995579719766e-01
-2.616959989070892778e-01 1.990689754486082708e-01 6.103259995579719543e-01
-2.616959989070892778e-01 1.990689754486082708e-01 7.103259995579719321e-01
-2.616959989070892778e-01 2.990689754486082763e-01 4.103259995579719988e-01
-2.616959989070892778e-01 2.990689754486082763e-01 5.103259995579719766e-01
-2.616959989070892778e-01 2.990689754486082763e-01 6.103259995579719543e-01
-2.616959989070892778e-01 2.990689754486082763e-01 7.103259995579719321e-01
-2.616959989070892778e-01 3.990689754486083096e-01 4.103259995579719988e-01
-2.616959989070892778e-01 3.990689754486083096e-01 5.103259995579719766e-01
-2.616959989070892778e-01 3.990689754486083096e-01 6.103259995579719543e-01
-2.616959989070892778e-01 3.990689754486083096e-01 7.103259995579719321e-01
-2.616959989070892778e-01 4.990689754486082874e-01 4.103259995579719988e-01
-2.616959989070892778e-01 4.990689754486082874e-01 5.103259995579719766e-01
-2.616959989070892778e-01 4.990689754486082874e-01 6.103259995579719543e-01
-2.616959989070892778e-01 4.990689754486082874e-01 7.103259995579719321e-01
-2.616959989070892778e-01 5.990689754486082652e-01 5.103259995579719766e-01
-2.616959989070892778e-01 5.990689754486082652e-01 6.103259995579719543e-01
-1.616959989070892723e-01 -8.009310245513916460e-01 6.103259995579719543e-01
-1.616959989070892723e-01 -7.009310245513916682e-01 4.103259995579719988e-01
-1.616959989070892723e-01 -7.009310245513916682e-01 5.103259995579719766e-01
-1.616959989070892723e-01 -7.009310245513916682e-01 6.103259995579719543e-01
-1.616959989070892723e-01 -7.009310245513916682e-01 7.103259995579719321e-01
-1.616959989070892723e-01 -6.009310245513916904e-01 4.103259995579719988e-01
-1.616959989070892723e-01 -6.009310245513916904e-01 5.103259995579719766e-01
-1.616959989070892723e-01 -6.009310245513916904e-01 6.103259995579719543e-01
-1.616959989070892723e-01 -6.009310245513916904e-01 7.103259995579719321e-01
-1.616959989070892723e-01 -5.009310245513917126e-01 4.103259995579719988e-01
-1.616959989070892723e-01 -5.009310245513917126e-01 5.103259995579719766e-01
-1.616959989070892723e-01 -5.009310245513917126e-01 6.103259995579719543e-01
-1.616959989070892723e-01 -5.009310245513917126e-01 7.103259995579719321e-01
-1.616959989070892723e-01 -4.009310245513917348e-01 4.103259995579719988e-01
-1.616959989070892723e-01 -4.009310245513917348e-01 5.103259995579719766e-01
-1.616959989070892723e-01 -4.009310245513917348e-01 6.103259995579719543e-01
-1.616959989070892723e-01 -4.009310245513917348e-01 7.103259995579719321e-01
-1.616959989070892723e-01 -3.009310245513917570e-01 5.103259995579719766e-01
-1.616959989070892723e-01 -3.009310245513917570e-01 6.103259995579719543e-01
-1.616959989070892723e-01 -2.009310245513917514e-01 5.103259995579719766e-01
-1.616959989070892723e-01 -2.009310245513917514e-01 6.103259995579719543e-01
-1.616959989070892723e-01 -1.009310245513917459e-01 5.103259995579719766e-01
-1.616959989070892723e-01 -1.009310245513917459e-01 6.103259995579719543e-01
-1.616959989070892723e-01 -9.310245513917403404e-04 5.103259995579719766e-01
-1.616959989070892723e-01 -9.310245513917403404e-04 6.103259995579719543e-01
-1.616959989070892723e-01 9.906897544860826521e-02 5.103259995579719766e-01
-1.616959989070892723e-01 9.906897544860826521e-02 6.103259995579719543e-01
-1.616959989070892723e-01 1.990689754486082708e-01 5.103259995579719766e-01
-1.616959989070892723e-01 1.990689754486082708e-01 6.103259995579719543e-01
-1.616959989070892723e-01 2.990689754486082763e-01 5.103259995579719766e-01
-1.616959989070892723e-01 2.990689754486082763e-01 6.103259995579719543e-01
-1.616959989070892723e-01 3.990689754486083096e-01 4.103259995579719988e-01
-1.616959989070892723e-01 3.990689754486083096e-01 5.103259995579719766e-01
-1.616959989070892723e-01 3.990689754486083096e-01 6.103259995579719543e-01
-1.616959989070892723e-01 3.990689754486083096e-01 7.103259995579719321e-01
-1.616959989070892723e-01 4.990689754486082874e-01 4.103259995579719988e-01
-1.616959989070892723e-01 4.990689754486082874e-01 5.103259995579719766e-01
-1.616959989070892723e-01 4.990689754486082874e-01 6.103259995579719543e-01
-1.616959989070892723e-01 4.990689754486082874e-01 7.103259995579719321e-01
-1.616959989070892723e-01 5.990689754486082652e-01 4.103259995579719988e-01
-1.616959989070892723e-01 5.990689754486082652e-01 5.103259995579719766e-01
-1.616959989070892723e-01 5.990689754486082652e-01 6.103259995579719543e-01
-1.616959989070892723e-01 5.990689754486082652e-01 7.103259995579719321e-01
-1.616959989070892723e-01 6.990689754486082430e-01 4.103259995579719988e-01
-1.616959989070892723e-01 6.990689754486082430e-01 5.103259995579719766e-01
-1.616959989070892723e-01 6.990689754486082430e-01 6.103259995579719543e-01
-1.616959989070892723e-01 6.990689754486082430e-01 7.103259995579719321e-01
-1.616959989070892723e-01 7.990689754486082208e-01 6.103259995579719543e-01
-6.169599890708926671e-02 -8.009310245513916460e-01 5.103259995579719766e-01
-6.169599890708926671e-02 -8.009310245513916460e-01 6.103259995579719543e-01
-6.169599890708926671e-02 -8.009310245513916460e-01 7.103259995579719321e-01
-6.169599890708926671e-02 -7.009310245513916682e-01 4.103259995579719988e-01
-6.169599890708926671e-02 -7.009310245513916682e-01 5.103259995579719766e-01
-6.169599890708926671e-02 -7.009310245513916682e-01 6.103259995579719543e-01
-6.169599890708926671e-02 -7.009310245513916682e-01 7.103259995579719321e-01
-6.169599890708926671e-02 -6.009310245513916904e-01 4.103259995579719988e-01
-6.169599890708926671e-02 -6.009310245513916904e-01 5.103259995579719766e-01
-6.169599890708926671e-02 -6.009310245513916904e-01 6.103259995579719543e-01
-6.169599890708926671e-02 -6.009310245513916904e-01 7.103259995579719321e-01
-6.169599890708926671e-02 -5.009310245513917126e-01 5.103259995579719766e-01
-6.169599890708926671e-02 -5.009310245513917126e-01 6.103259995579719543e-01
-6.169599890708926671e-02 -5.009310245513917126e-01 7.103259995579719321e-01
-6.169599890708926671e-02 -4.009310245513917348e-01 5.103259995579719766e-01
-6.169599890708926671e-02 -4.009310245513917348e-01 6.103259995579719543e-01
-6.169599890708926671e-02 -3.009310245513917570e-01 5.103259995579719766e-01
-6.169599890708926671e-02 -3.009310245513917570e-01 6.103259995579719543e-01
-6.169599890708926671e-02 -2.009310245513917514e-01 5.103259995579719766e-01
-6.169599890708926671e-02 -2.009310245513917514e-01 6.103259995579719543e-01
-6.169599890708926671e-02 -1.009310245513917459e-01 5.103259995579719766e-01
-6.169599890708926671e-02 -1.009310245513917459e-01 6.103259995579719543e-01
-6.169599890708926671e-02 -9.310245513917403404e-04 5.103259995579719766e-01
-6.169599890708926671e-02 -9.310245513917403404e-04 6.103259995579719543e-01
-6.169599890708926671e-02 9.906897544860826521e-02 5.103259995579719766e-01
-6.169599890708926671e-02 9.906897544860826521e-02 6.103259995579719543e-01
-6.169599890708926671e-02 1.990689754486082708e-01 5.103259995579719766e-01
-6.169599890708926671e-02 1.990689754486082708e-01 6.103259995579719543e-01
-6.169599890708926671e-02 2.990689754486082763e-01 5.103259995579719766e-01
-6.169599890708926671e-02 2.990689754486082763e-01 6.103259995579719543e-01
-6.169599890708926671e-02 3.990689754486083096e-01 5.103259995579719766e-01
-6.169599890708926671e-02 3.990689754486083096e-01 6.103259995579719543e-01
-6.169599890708926671e-02 4.990689754486082874e-01 5.103259995579719766e-01
-6.169599890708926671e-02 4.990689754486082874e-01 6.103259995579719543e-01
-6.169599890708926671e-02 4.990689754486082874e-01 7.103259995579719321e-01
-6.169599890708926671e-02 5.990689754486082652e-01 4.103259995579719988e-01
-6.169599890708926671e-02 5.990689754486082652e-01 5.103259995579719766e-01
-6.169599890708926671e-02 5.990689754486082652e-01 6.103259995579719543e-01
-6.169599890708926671e-02 5.990689754486082652e-01 7.103259995579719321e-01
-6.169599890708926671e-02 6.990689754486082430e-01 4.103259995579719988e-01
-6.169599890708926671e-02 6.990689754486082430e-01 5.103259995579719766e-01
-6.169599890708926671e-02 6.990689754486082430e-01 6.103259995579719543e-01
-6.169599890708926671e-02 6.990689754486082430e-01 7.103259995579719321e-01
-6.169599890708926671e-02 7.990689754486082208e-01 5.103259995579719766e-01
-6.169599890708926671e-02 7.990689754486082208e-01 6.103259995579719543e-01
-6.169599890708926671e-02 7.990689754486082208e-01 7.103259995579719321e-01
3.830400109291073885e-02 -9.009310245513916238e-01 6.103259995579719543e-01
3.830400109291073885e-02 -8.009310245513916460e-01 4.103259995579719988e-01
3.830400109291073885e-02 -8.009310245513916460e-01 5.103259995579719766e-01
3.830400109291073885e-02 -8.009310245513916460e-01 6.103259995579719543e-01
3.830400109291073885e-02 -8.009310245513916460e-01 7.103259995579719321e-01
3.830400109291073885e-02 -7.009310245513916682e-01 4.103259995579719988e-01
3.830400109291073885e-02 -7.009310245513916682e-01 5.103259995579719766e-01
3.830400109291073885e-02 -7.009310245513916682e-01 6.103259995579719543e-01
3.830400109291073885e-02 -7.009310245513916682e-01 7.103259995579719321e-01
3.830400109291073885e-02 -6.009310245513916904e-01 4.103259995579719988e-01
3.830400109291073885e-02 -6.009310245513916904e-01 5.103259995579719766e-01
3.830400109291073885e-02 -6.009310245513916904e-01 6.103259995579719543e-01
3.830400109291073885e-02 -6.009310245513916904e-01 7.103259995579719321e-01
3.830400109291073885e-02 -5.009310245513917126e-01 5.103259995579719766e-01
3.830400109291073885e-02 -5.009310245513917126e-01 6.103259995579719543e-01
3.830400109291073885e-02 -5.009310245513917126e-01 7.103259995579719321e-01
3.830400109291073885e-02 -4.009310245513917348e-01 5.103259995579719766e-01
3.830400109291073885e-02 -4.009310245513917348e-01 6.103259995579719543e-01
3.830400109291073885e-02 -3.009310245513917570e-01 5.103259995579719766e-01
3.830400109291073885e-02 -3.009310245513917570e-01 6.103259995579719543e-01
3.830400109291073885e-02 -2.009310245513917514e-01 5.103259995579719766e-01
3.830400109291073885e-02 -2.009310245513917514e-01 6.103259995579719543e-01
3.830400109291073885e-02 -1.009310245513917459e-01 5.103259995579719766e-01
3.830400109291073885e-02 -1.009310245513917459e-01 6.103259995579719543e-01
3.830400109291073885e-02 -9.310245513917403404e-04 5.103259995579719766e-01
3.830400109291073885e-02 -9.310245513917403404e-04 6.103259995579719543e-01
3.830400109291073885e-02 9.906897544860826521e-02 5.103259995579719766e-01
3.830400109291073885e-02 9.906897544860826521e-02 6.103259995579719543e-01
3.830400109291073885e-02 1.990689754486082708e-01 5.103259995579719766e-01
3.830400109291073885e-02 1.990689754486082708e-01 6.103259995579719543e-01
3.830400109291073885e-02 2.990689754486082763e-01 5.103259995579719766e-01
3.830400109291073885e-02 2.990689754486082763e-01 6.103259995579719543e-01
3.830400109291073885e-02 3.990689754486083096e-01 5.103259995579719766e-01
3.830400109291073885e-02 3.990689754486083096e-01 6.103259995579719543e-01
3.830400109291073885e-02 4.990689754486082874e-01 5.103259995579719766e-01
3.830400109291073885e-02 4.990689754486082874e-01 6.103259995579719543e-01
3.830400109291073885e-02 4.990689754486082874e-01 7.103259995579719321e-01
3.830400109291073885e-02 5.990689754486082652e-01 4.103259995579719988e-01
3.830400109291073885e-02 5.990689754486082652e-01 5.103259995579719766e-01
3.830400109291073885e-02 5.990689754486082652e-01 6.103259995579719543e-01
3.830400109291073885e-02 5.990689754486082652e-01 7.103259995579719321e-01
3.830400109291073885e-02 6.990689754486082430e-01 4.103259995579719988e-01
3.830400109291073885e-02 6.990689754486082430e-01 5.103259995579719766e-01
3.830400109291073885e-02 6.990689754486082430e-01 6.103259995579719543e-01
3.830400109291073885e-02 6.990689754486082430e-01 7.103259995579719321e-01
3.830400109291073885e-02 7.990689754486082208e-01 4.103259995579719988e-01
3.830400109291073885e-02 7.990689754486082208e-01 5.103259995579719766e-01
3.830400109291073885e-02 7.990689754486082208e-01 6.103259995579719543e-01
3.830400109291073885e-02 7.990689754486082208e-01 7.103259995579719321e-01
3.830400109291073885e-02 8.990689754486081986e-01 6.103259995579719543e-01
1.383040010929107444e-01 -8.009310245513916460e-01 5.103259995579719766e-01
1.383040010929107444e-01 -8.009310245513916460e-01 6.103259995579719543e-01
1.383040010929107444e-01 -7.009310245513916682e-01 4.103259995579719988e-01
1.383040010929107444e-01 -7.009310245513916682e-01 5.103259995579719766e-01
1.383040010929107444e-01 -7.009310245513916682e-01 6.103259995579719543e-01
1.383040010929107444e-01 -7.009310245513916682e-01 7.103259995579719321e-01
1.383040010929107444e-01 -6.009310245513916904e-01 4.103259995579719988e-01
1.383040010929107444e-01 -6.009310245513916904e-01 5.103259995579719766e-01
1.383040010929107444e-01 -6.009310245513916904e-01 6.103259995579719543e-01
1.383040010929107444e-01 -6.009310245513916904e-01 7.103259995579719321e-01
1.383040010929107444e-01 -5.009310245513917126e-01 4.103259995579719988e-01
1.383040010929107444e-01 -5.009310245513917126e-01 5.103259995579719766e-01
1.383040010929107444e-01 -5.009310245513917126e-01 6.103259995579719543e-01
1.383040010929107444e-01 -5.009310245513917126e-01 7.103259995579719321e-01
1.383040010929107444e-01 -4.009310245513917348e-01 5.103259995579719766e-01
1.383040010929107444e-01 -4.009310245513917348e-01 6.103259995579719543e-01
1.383040010929107444e-01 -4.009310245513917348e-01 7.103259995579719321e-01
1.383040010929107444e-01 -3.009310245513917570e-01 5.103259995579719766e-01
1.383040010929107444e-01 -3.009310245513917570e-01 6.103259995579719543e-01
1.383040010929107444e-01 -3.009310245513917570e-01 7.103259995579719321e-01
1.383040010929107444e-01 -2.009310245513917514e-01 5.103259995579719766e-01
1.383040010929107444e-01 -2.009310245513917514e-01 6.103259995579719543e-01
1.383040010929107444e-01 -1.009310245513917459e-01 5.103259995579719766e-01
1.383040010929107444e-01 -1.009310245513917459e-01 6.103259995579719543e-01
1.383040010929107444e-01 -9.310245513917403404e-04 5.103259995579719766e-01
1.383040010929107444e-01 -9.310245513917403404e-04 6.103259995579719543e-01
1.383040010929107444e-01 9.906897544860826521e-02 5.103259995579719766e-01
1.383040010929107444e-01 9.906897544860826521e-02 6.103259995579719543e-01
1.383040010929107444e-01 1.990689754486082708e-01 5.103259995579719766e-01
1.383040010929107444e-01 1.990689754486082708e-01 6.103259995579719543e-01
1.383040010929107444e-01 2.990689754486082763e-01 5.103259995579719766e-01
1.383040010929107444e-01 2.990689754486082763e-01 6.103259995579719543e-01
1.383040010929107444e-01 2.990689754486082763e-01 7.103259995579719321e-01
1.383040010929107444e-01 3.990689754486083096e-01 5.103259995579719766e-01
1.383040010929107444e-01 3.990689754486083096e-01 6.103259995579719543e-01
1.383040010929107444e-01 3.990689754486083096e-01 7.103259995579719321e-01
1.383040010929107444e-01 4.990689754486082874e-01 4.103259995579719988e-01
1.383040010929107444e-01 4.990689754486082874e-01 5.103259995579719766e-01
1.383040010929107444e-01 4.990689754486082874e-01 6.103259995579719543e-01
1.383040010929107444e-01 4.990689754486082874e-01 7.103259995579719321e-01
1.383040010929107444e-01 5.990689754486082652e-01 4.103259995579719988e-01
1.383040010929107444e-01 5.990689754486082652e-01 5.103259995579719766e-01
1.383040010929107444e-01 5.990689754486082652e-01 6.103259995579719543e-01
1.383040010929107444e-01 5.990689754486082652e-01 7.103259995579719321e-01
1.383040010929107444e-01 6.990689754486082430e-01 4.103259995579719988e-01
1.383040010929107444e-01 6.990689754486082430e-01 5.103259995579719766e-01
1.383040010929107444e-01 6.990689754486082430e-01 6.103259995579719543e-01
1.383040010929107444e-01 6.990689754486082430e-01 7.103259995579719321e-01
1.383040010929107444e-01 7.990689754486082208e-01 5.103259995579719766e-01
1.383040010929107444e-01 7.990689754486082208e-01 6.103259995579719543e-01
2.383040010929107499e-01 -7.009310245513916682e-01 6.103259995579719543e-01
2.383040010929107499e-01 -6.009310245513916904e-01 5.103259995579719766e-01
2.383040010929107499e-01 -6.009310245513916904e-01 6.103259995579719543e-01
2.383040010929107499e-01 -6.009310245513916904e-01 7.103259995579719321e-01
2.383040010929107499e-01 -5.009310245513917126e-01 4.103259995579719988e-01
2.383040010929107499e-01 -5.009310245513917126e-01 5.103259995579719766e-01
2.383040010929107499e-01 -5.009310245513917126e-01 6.103259995579719543e-01
2.383040010929107499e-01 -5.009310245513917126e-01 7.103259995579719321e-01
2.383040010929107499e-01 -4.009310245513917348e-01 4.103259995579719988e-01
2.383040010929107499e-01 -4.009310245513917348e-01 5.103259995579719766e-01
2.383040010929107499e-01 -4.009310245513917348e-01 6.103259995579719543e-01
2.383040010929107499e-01 -4.009310245513917348e-01 7.103259995579719321e-01
2.383040010929107499e-01 -3.009310245513917570e-01 4.103259995579719988e-01
2.383040010929107499e-01 -3.009310245513917570e-01 5.103259995579719766e-01
2.383040010929107499e-01 -3.009310245513917570e-01 6.103259995579719543e-01
2.383040010929107499e-01 -3.009310245513917570e-01 7.103259995579719321e-01
2.383040010929107499e-01 -2.009310245513917514e-01 4.103259995579719988e-01
2.383040010929107499e-01 -2.009310245513917514e-01 5.103259995579719766e-01
2.383040010929107499e-01 -2.009310245513917514e-01 6.103259995579719543e-01
2.383040010929107499e-01 -2.009310245513917514e-01 7.103259995579719321e-01
2.383040010929107499e-01 -1.009310245513917459e-01 4.103259995579719988e-01
2.383040010929107499e-01 -1.009310245513917459e-01 5.103259995579719766e-01
2.383040010929107499e-01 -1.009310245513917459e-01 6.103259995579719543e-01
2.383040010929107499e-01 -1.009310245513917459e-01 7.103259995579719321e-01
2.383040010929107499e-01 -9.310245513917403404e-04 4.103259995579719988e-01
2.383040010929107499e-01 -9.310245513917403404e-04 5.103259995579719766e-01
2.383040010929107499e-01 -9.310245513917403404e-04 6.103259995579719543e-01
2.383040010929107499e-01 -9.310245513917403404e-04 7.103259995579719321e-01
2.383040010929107499e-01 9.906897544860826521e-02 4.103259995579719988e-01
2.383040010929107499e-01 9.906897544860826521e-02 5.103259995579719766e-01
2.383040010929107499e-01 9.906897544860826521e-02 6.103259995579719543e-01
2.383040010929107499e-01 9.906897544860826521e-02 7.103259995579719321e-01
2.383040010929107499e-01 1.990689754486082708e-01 4.103259995579719988e-01
2.383040010929107499e-01 1.990689754486082708e-01 5.103259995579719766e-01
2.383040010929107499e-01 1.990689754486082708e-01 6.103259995579719543e-01
2.383040010929107499e-01 1.990689754486082708e-01 7.103259995579719321e-01
2.383040010929107499e-01 2.990689754486082763e-01 4.103259995579719988e-01
2.383040010929107499e-01 2.990689754486082763e-01 5.103259995579719766e-01
2.383040010929107499e-01 2.990689754486082763e-01 6.103259995579719543e-01
2.383040010929107499e-01 2.990689754486082763e-01 7.103259995579719321e-01
2.383040010929107499e-01 3.990689754486083096e-01 4.103259995579719988e-01
2.383040010929107499e-01 3.990689754486083096e-01 5.103259995579719766e-01
2.383040010929107499e-01 3.990689754486083096e-01 6.103259995579719543e-01
2.383040010929107499e-01 3.990689754486083096e-01 7.103259995579719321e-01
2.383040010929107499e-01 4.990689754486082874e-01 4.103259995579719988e-01
2.383040010929107499e-01 4.990689754486082874e-01 5.103259995579719766e-01
2.383040010929107499e-01 4.990689754486082874e-01 6.103259995579719543e-01
2.383040010929107499e-01 4.990689754486082874e-01 7.103259995579719321e-01
2.383040010929107499e-01 5.990689754486082652e-01 5.103259995579719766e-01
2.383040010929107499e-01 5.990689754486082652e-01 6.103259995579719543e-01
2.383040010929107499e-01 5.990689754486082652e-01 7.103259995579719321e-01
2.383040010929107499e-01 6.990689754486082430e-01 6.103259995579719543e-01
3.383040010929107555e-01 -4.009310245513917348e-01 5.103259995579719766e-01
3.383040010929107555e-01 -4.009310245513917348e-01 6.103259995579719543e-01
3.383040010929107555e-01 -3.009310245513917570e-01 5.103259995579719766e-01
3.383040010929107555e-01 -3.009310245513917570e-01 6.103259995579719543e-01
3.383040010929107555e-01 -2.009310245513917514e-01 4.103259995579719988e-01
3.383040010929107555e-01 -2.009310245513917514e-01 5.103259995579719766e-01
3.383040010929107555e-01 -2.009310245513917514e-01 6.103259995579719543e-01
3.383040010929107555e-01 -2.009310245513917514e-01 7.103259995579719321e-01
3.383040010929107555e-01 -1.009310245513917459e-01 4.103259995579719988e-01
3.383040010929107555e-01 -1.009310245513917459e-01 5.103259995579719766e-01
3.383040010929107555e-01 -1.009310245513917459e-01 6.103259995579719543e-01
3.383040010929107555e-01 -1.009310245513917459e-01 7.103259995579719321e-01
3.383040010929107555e-01 -9.310245513917403404e-04 4.103259995579719988e-01
3.383040010929107555e-01 -9.310245513917403404e-04 5.103259995579719766e-01
3.383040010929107555e-01 -9.310245513917403404e-04 6.103259995579719543e-01
3.383040010929107555e-01 -9.310245513917403404e-04 7.103259995579719321e-01
3.383040010929107555e-01 9.906897544860826521e-02 4.103259995579719988e-01
3.383040010929107555e-01 9.906897544860826521e-02 5.103259995579719766e-01
3.383040010929107555e-01 9.906897544860826521e-02 6.103259995579719543e-01
3.383040010929107555e-01 9.906897544860826521e-02 7.103259995579719321e-01
3.383040010929107555e-01 1.990689754486082708e-01 4.103259995579719988e-01
3.383040010929107555e-01 1.990689754486082708e-01 5.103259995579719766e-01
3.383040010929107555e-01 1.990689754486082708e-01 6.103259995579719543e-01
3.383040010929107555e-01 1.990689754486082708e-01 7.103259995579719321e-01
3.383040010929107555e-01 2.990689754486082763e-01 5.103259995579719766e-01
3.383040010929107555e-01 2.990689754486082763e-01 6.103259995579719543e-01
3.383040010929107555e-01 3.990689754486083096e-01 5.103259995579719766e-01
3.383040010929107555e-01 3.990689754486083096e-01 6.103259995579719543e-01
