-6.999999999999999556e-01 -9.999999999999992228e-02 5.000000000000001110e-01
-6.999999999999999556e-01 5.000000000000007216e-02 5.000000000000001110e-01
-5.499999999999999334e-01 -3.999999999999999112e-01 5.000000000000001110e-01
-5.499999999999999334e-01 -2.499999999999999167e-01 -5.499999999999999334e-01
-5.499999999999999334e-01 -2.499999999999999167e-01 5.000000000000001110e-01
-5.499999999999999334e-01 -9.999999999999992228e-02 -5.499999999999999334e-01
-5.499999999999999334e-01 -9.999999999999992228e-02 -3.999999999999999112e-01
-5.499999999999999334e-01 -9.999999999999992228e-02 5.000000000000001110e-01
-5.499999999999999334e-01 -9.999999999999992228e-02 6.500000000000001332e-01
-5.499999999999999334e-01 5.000000000000007216e-02 -5.499999999999999334e-01
-5.499999999999999334e-01 5.000000000000007216e-02 -3.999999999999999112e-01
-5.499999999999999334e-01 5.000000000000007216e-02 5.000000000000001110e-01
-5.499999999999999334e-01 5.000000000000007216e-02 6.500000000000001332e-01
-5.499999999999999334e-01 2.000000000000000666e-01 -5.499999999999999334e-01
-5.499999999999999334e-01 2.000000000000000666e-01 -3.999999999999999112e-01
-5.499999999999999334e-01 2.000000000000000666e-01 5.000000000000001110e-01
-5.499999999999999334e-01 2.000000000000000666e-01 6.500000000000001332e-01
-5.499999999999999334e-01 3.500000000000000888e-01 -5.499999999999999334e-01
-5.499999999999999334e-01 3.500000000000000888e-01 5.000000000000001110e-01
-3.999999999999999112e-01 -5.499999999999999334e-01 5.000000000000001110e-01
-3.999999999999999112e-01 -3.999999999999999112e-01 -5.499999999999999334e-01
-3.999999999999999112e-01 -3.999999999999999112e-01 -3.999999999999999112e-01
-3.999999999999999112e-01 -3.999999999999999112e-01 5.000000000000001110e-01
-3.999999999999999112e-01 -3.999999999999999112e-01 6.500000000000001332e-01
-3.999999999999999112e-01 -2.499999999999999167e-01 -6.999999999999999556e-01
-3.999999999999999112e-01 -2.499999999999999167e-01 -5.499999999999999334e-01
-3.999999999999999112e-01 -2.499999999999999167e-01 -3.999999999999999112e-01
-3.999999999999999112e-01 -2.499999999999999167e-01 3.500000000000000888e-01
-3.999999999999999112e-01 -2.499999999999999167e-01 5.000000000000001110e-01
-3.999999999999999112e-01 -2.499999999999999167e-01 6.500000000000001332e-01
-3.999999999999999112e-01 -9.999999999999992228e-02 -6.999999999999999556e-01
-3.999999999999999112e-01 -9.999999999999992228e-02 -5.499999999999999334e-01
-3.999999999999999112e-01 -9.999999999999992228e-02 -3.999999999999999112e-01
-3.999999999999999112e-01 -9.999999999999992228e-02 3.500000000000000888e-01
-3.999999999999999112e-01 -9.999999999999992228e-02 5.000000000000001110e-01
-3.999999999999999112e-01 -9.999999999999992228e-02 6.500000000000001332e-01
-3.999999999999999112e-01 5.000000000000007216e-02 -6.999999999999999556e-01
-3.999999999999999112e-01 5.000000000000007216e-02 -5.499999999999999334e-01
-3.999999999999999112e-01 5.000000000000007216e-02 -3.999999999999999112e-01
-3.999999999999999112e-01 5.000000000000007216e-02 3.500000000000000888e-01
-3.999999999999999112e-01 5.000000000000007216e-02 5.000000000000001110e-01
-3.999999999999999112e-01 5.000000000000007216e-02 6.500000000000001332e-01
-3.999999999999999112e-01 2.000000000000000666e-01 -6.999999999999999556e-01
-3.999999999999999112e-01 2.000000000000000666e-01 -5.499999999999999334e-01
-3.999999999999999112e-01 2.000000000000000666e-01 -3.999999999999999112e-01
-3.999999999999999112e-01 2.000000000000000666e-01 3.500000000000000888e-01
-3.999999999999999112e-01 2.000000000000000666e-01 5.000000000000001110e-01
-3.999999999999999112e-01 2.000000000000000666e-01 6.500000000000001332e-01
-3.999999999999999112e-01 3.500000000000000888e-01 -5.499999999999999334e-01
-3.999999999999999112e-01 3.500000000000000888e-01 -3.999999999999999112e-01
-3.999999999999999112e-01 3.500000000000000888e-01 5.000000000000001110e-01
-3.999999999999999112e-01 3.500000000000000888e-01 6.500000000000001332e-01
-3.999999999999999112e-01 5.000000000000001110e-01 -5.499999999999999334e-01
-3.999999999999999112e-01 5.000000000000001110e-01 -3.999999999999999112e-01
-3.999999999999999112e-01 5.000000000000001110e-01 5.000000000000001110e-01
-2.499999999999999167e-01 -5.499999999999999334e-01 -5.499999999999999334e-01
-2.499999999999999167e-01 -5.499999999999999334e-01 5.000000000000001110e-01
-2.499999999999999167e-01 -3.999999999999999112e-01 -6.999999999999999556e-01
-2.499999999999999167e-01 -3.999999999999999112e-01 -5.499999999999999334e-01
-2.499999999999999167e-01 -3.999999999999999112e-01 -3.999999999999999112e-01
-2.499999999999999167e-01 -3.999999999999999112e-01 3.500000000000000888e-01
-2.499999999999999167e-01 -3.999999999999999112e-01 5.000000000000001110e-01
-2.499999999999999167e-01 -3.999999999999999112e-01 6.500000000000001332e-01
-2.499999999999999167e-01 -2.499999999999999167e-01 -6.999999999999999556e-01
-2.499999999999999167e-01 -2.499999999999999167e-01 -5.499999999999999334e-01
-2.499999999999999167e-01 -2.499999999999999167e-01 -3.999999999999999112e-01
-2.499999999999999167e-01 -2.499999999999999167e-01 -2.499999999999999167e-01
-2.499999999999999167e-01 -2.499999999999999167e-01 3.500000000000000888e-01
-2.499999999999999167e-01 -2.499999999999999167e-01 5.000000000000001110e-01
-2.499999999999999167e-01 -2.499999999999999167e-01 6.500000000000001332e-01
-2.499999999999999167e-01 -2.499999999999999167e-01 8.000000000000001554e-01
-2.499999999999999167e-01 -9.999999999999992228e-02 -8.499999999999999778e-01
-2.499999999999999167e-01 -9.999999999999992228e-02 -6.999999999999999556e-01
-2.499999999999999167e-01 -9.999999999999992228e-02 -5.499999999999999334e-01
-2.499999999999999167e-01 -9.999999999999992228e-02 -3.999999999999999112e-01
-2.499999999999999167e-01 -9.999999999999992228e-02 -2.499999999999999167e-01
-2.499999999999999167e-01 -9.999999999999992228e-02 3.500000000000000888e-01
-2.499999999999999167e-01 -9.999999999999992228e-02 5.000000000000001110e-01
-2.499999999999999167e-01 -9.999999999999992228e-02 6.500000000000001332e-01
-2.499999999999999167e-01 -9.999999999999992228e-02 8.000000000000001554e-01
-2.499999999999999167e-01 5.000000000000007216e-02 -8.499999999999999778e-01
-2.499999999999999167e-01 5.000000000000007216e-02 -6.999999999999999556e-01
-2.499999999999999167e-01 5.000000000000007216e-02 -5.499999999999999334e-01
-2.499999999999999167e-01 5.000000000000007216e-02 -3.999999999999999112e-01
-2.499999999999999167e-01 5.000000000000007216e-02 -2.499999999999999167e-01
-2.499999999999999167e-01 5.000000000000007216e-02 2.000000000000000666e-01
-2.499999999999999167e-01 5.000000000000007216e-02 3.500000000000000888e-01
-2.499999999999999167e-01 5.000000000000007216e-02 5.000000000000001110e-01
-2.499999999999999167e-01 5.000000000000007216e-02 6.500000000000001332e-01
-2.499999999999999167e-01 5.000000000000007216e-02 8.000000000000001554e-01
-2.499999999999999167e-01 2.000000000000000666e-01 -6.999999999999999556e-01
-2.499999999999999167e-01 2.000000000000000666e-01 -5.499999999999999334e-01
-2.499999999999999167e-01 2.000000000000000666e-01 -3.999999999999999112e-01
-2.499999999999999167e-01 2.000000000000000666e-01 -2.499999999999999167e-01
-2.499999999999999167e-01 2.000000000000000666e-01 3.500000000000000888e-01
-2.499999999999999167e-01 2.000000000000000666e-01 5.000000000000001110e-01
-2.499999999999999167e-01 2.000000000000000666e-01 6.500000000000001332e-01
-2.499999999999999167e-01 2.000000000000000666e-01 8.000000000000001554e-01
-2.499999999999999167e-01 3.500000000000000888e-01 -6.999999999999999556e-01
-2.499999999999999167e-01 3.500000000000000888e-01 -5.499999999999999334e-01
-2.499999999999999167e-01 3.500000000000000888e-01 -3.999999999999999112e-01
-2.499999999999999167e-01 3.500000000000000888e-01 3.500000000000000888e-01
-2.499999999999999167e-01 3.500000000000000888e-01 5.000000000000001110e-01
-2.499999999999999167e-01 3.500000000000000888e-01 6.500000000000001332e-01
-2.499999999999999167e-01 5.000000000000001110e-01 -5.499999999999999334e-01
-2.499999999999999167e-01 5.000000000000001110e-01 -3.999999999999999112e-01
-2.499999999999999167e-01 5.000000000000001110e-01 5.000000000000001110e-01
-2.499999999999999167e-01 5.000000000000001110e-01 6.500000000000001332e-01
-2.499999999999999167e-01 6.500000000000001332e-01 5.000000000000001110e-01
-9.999999999999992228e-02 -6.999999999999999556e-01 5.000000000000001110e-01
-9.999999999999992228e-02 -5.499999999999999334e-01 -5.499999999999999334e-01
-9.999999999999992228e-02 -5.499999999999999334e-01 -3.999999999999999112e-01
-9.999999999999992228e-02 -5.499999999999999334e-01 5.000000000000001110e-01
-9.999999999999992228e-02 -5.499999999999999334e-01 6.500000000000001332e-01
-9.999999999999992228e-02 -3.999999999999999112e-01 -6.999999999999999556e-01
-9.999999999999992228e-02 -3.999999999999999112e-01 -5.499999999999999334e-01
-9.999999999999992228e-02 -3.999999999999999112e-01 -3.999999999999999112e-01
-9.999999999999992228e-02 -3.999999999999999112e-01 3.500000000000000888e-01
-9.999999999999992228e-02 -3.999999999999999112e-01 5.000000000000001110e-01
-9.999999999999992228e-02 -3.999999999999999112e-01 6.500000000000001332e-01
-9.999999999999992228e-02 -2.499999999999999167e-01 -8.499999999999999778e-01
-9.999999999999992228e-02 -2.499999999999999167e-01 -6.999999999999999556e-01
-9.999999999999992228e-02 -2.499999999999999167e-01 -5.499999999999999334e-01
-9.999999999999992228e-02 -2.499999999999999167e-01 -3.999999999999999112e-01
-9.999999999999992228e-02 -2.499999999999999167e-01 -2.499999999999999167e-01
-9.999999999999992228e-02 -2.499999999999999167e-01 3.500000000000000888e-01
-9.999999999999992228e-02 -2.499999999999999167e-01 5.000000000000001110e-01
-9.999999999999992228e-02 -2.499999999999999167e-01 6.500000000000001332e-01
-9.999999999999992228e-02 -2.499999999999999167e-01 8.000000000000001554e-01
-9.999999999999992228e-02 -9.999999999999992228e-02 -8.499999999999999778e-01
-9.999999999999992228e-02 -9.999999999999992228e-02 -6.999999999999999556e-01
-9.999999999999992228e-02 -9.999999999999992228e-02 -5.499999999999999334e-01
-9.999999999999992228e-02 -9.999999999999992228e-02 -3.999999999999999112e-01
-9.999999999999992228e-02 -9.999999999999992228e-02 -2.499999999999999167e-01
-9.999999999999992228e-02 -9.999999999999992228e-02 2.000000000000000666e-01
-9.999999999999992228e-02 -9.999999999999992228e-02 3.500000000000000888e-01
-9.999999999999992228e-02 -9.999999999999992228e-02 5.000000000000001110e-01
-9.999999999999992228e-02 -9.999999999999992228e-02 6.500000000000001332e-01
-9.999999999999992228e-02 -9.999999999999992228e-02 8.000000000000001554e-01
-9.999999999999992228e-02 5.000000000000007216e-02 -8.499999999999999778e-01
-9.999999999999992228e-02 5.000000000000007216e-02 -6.999999999999999556e-01
-9.999999999999992228e-02 5.000000000000007216e-02 -5.499999999999999334e-01
-9.999999999999992228e-02 5.000000000000007216e-02 -3.999999999999999112e-01
-9.999999999999992228e-02 5.000000000000007216e-02 -2.499999999999999167e-01
-9.999999999999992228e-02 5.000000000000007216e-02 -9.999999999999992228e-02
-9.999999999999992228e-02 5.000000000000007216e-02 2.000000000000000666e-01
-9.999999999999992228e-02 5.000000000000007216e-02 3.500000000000000888e-01
-9.999999999999992228e-02 5.000000000000007216e-02 5.000000000000001110e-01
-9.999999999999992228e-02 5.000000000000007216e-02 6.500000000000001332e-01
-9.999999999999992228e-02 5.000000000000007216e-02 8.000000000000001554e-01
-9.999999999999992228e-02 2.000000000000000666e-01 -8.499999999999999778e-01
-9.999999999999992228e-02 2.000000000000000666e-01 -6.999999999999999556e-01
-9.999999999999992228e-02 2.000000000000000666e-01 -5.499999999999999334e-01
-9.999999999999992228e-02 2.000000000000000666e-01 -3.999999999999999112e-01
-9.999999999999992228e-02 2.000000000000000666e-01 -2.499999999999999167e-01
-9.999999999999992228e-02 2.000000000000000666e-01 2.000000000000000666e-01
-9.999999999999992228e-02 2.000000000000000666e-01 3.500000000000000888e-01
-9.999999999999992228e-02 2.000000000000000666e-01 5.000000000000001110e-01
-9.999999999999992228e-02 2.000000000000000666e-01 6.500000000000001332e-01
-9.999999999999992228e-02 2.000000000000000666e-01 8.000000000000001554e-01
-9.999999999999992228e-02 3.500000000000000888e-01 -6.999999999999999556e-01
-9.999999999999992228e-02 3.500000000000000888e-01 -5.499999999999999334e-01
-9.999999999999992228e-02 3.500000000000000888e-01 -3.999999999999999112e-01
-9.999999999999992228e-02 3.500000000000000888e-01 -2.499999999999999167e-01
-9.999999999999992228e-02 3.500000000000000888e-01 3.500000000000000888e-01
-9.999999999999992228e-02 3.500000000000000888e-01 5.000000000000001110e-01
-9.999999999999992228e-02 3.500000000000000888e-01 6.500000000000001332e-01
-9.999999999999992228e-02 3.500000000000000888e-01 8.000000000000001554e-01
-9.999999999999992228e-02 5.000000000000001110e-01 -6.999999999999999556e-01
-9.999999999999992228e-02 5.000000000000001110e-01 -5.499999999999999334e-01
-9.999999999999992228e-02 5.000000000000001110e-01 -3.999999999999999112e-01
-9.999999999999992228e-02 5.000000000000001110e-01 3.500000000000000888e-01
-9.999999999999992228e-02 5.000000000000001110e-01 5.000000000000001110e-01
-9.999999999999992228e-02 5.000000000000001110e-01 6.500000000000001332e-01
-9.999999999999992228e-02 6.500000000000001332e-01 -5.499999999999999334e-01
-9.999999999999992228e-02 6.500000000000001332e-01 -3.999999999999999112e-01
-9.999999999999992228e-02 6.500000000000001332e-01 5.000000000000001110e-01
5.000000000000007216e-02 -6.999999999999999556e-01 5.000000000000001110e-01
5.000000000000007216e-02 -5.499999999999999334e-01 -5.499999999999999334e-01
5.000000000000007216e-02 -5.499999999999999334e-01 -3.999999999999999112e-01
5.000000000000007216e-02 -5.499999999999999334e-01 5.000000000000001110e-01
5.000000000000007216e-02 -5.499999999999999334e-01 6.500000000000001332e-01
5.000000000000007216e-02 -3.999999999999999112e-01 -6.999999999999999556e-01
5.000000000000007216e-02 -3.999999999999999112e-01 -5.499999999999999334e-01
5.000000000000007216e-02 -3.999999999999999112e-01 -3.999999999999999112e-01
5.000000000000007216e-02 -3.999999999999999112e-01 3.500000000000000888e-01
5.000000000000007216e-02 -3.999999999999999112e-01 5.000000000000001110e-01
5.000000000000007216e-02 -3.999999999999999112e-01 6.500000000000001332e-01
5.000000000000007216e-02 -2.499999999999999167e-01 -8.499999999999999778e-01
5.000000000000007216e-02 -2.499999999999999167e-01 -6.999999999999999556e-01
5.000000000000007216e-02 -2.499999999999999167e-01 -5.499999999999999334e-01
5.000000000000007216e-02 -2.499999999999999167e-01 -3.999999999999999112e-01
5.000000000000007216e-02 -2.499999999999999167e-01 -2.499999999999999167e-01
5.000000000000007216e-02 -2.499999999999999167e-01 2.000000000000000666e-01
5.000000000000007216e-02 -2.499999999999999167e-01 3.500000000000000888e-01
5.000000000000007216e-02 -2.499999999999999167e-01 5.000000000000001110e-01
5.000000000000007216e-02 -2.499999999999999167e-01 6.500000000000001332e-01
5.000000000000007216e-02 -2.499999999999999167e-01 8.000000000000001554e-01
5.000000000000007216e-02 -9.999999999999992228e-02 -8.499999999999999778e-01
5.000000000000007216e-02 -9.999999999999992228e-02 -6.999999999999999556e-01
5.000000000000007216e-02 -9.999999999999992228e-02 -5.499999999999999334e-01
5.000000000000007216e-02 -9.999999999999992228e-02 -3.999999999999999112e-01
5.000000000000007216e-02 -9.999999999999992228e-02 -2.499999999999999167e-01
5.000000000000007216e-02 -9.999999999999992228e-02 -9.999999999999992228e-02
5.000000000000007216e-02 -9.999999999999992228e-02 2.000000000000000666e-01
5.000000000000007216e-02 -9.999999999999992228e-02 3.500000000000000888e-01
5.000000000000007216e-02 -9.999999999999992228e-02 5.000000000000001110e-01
5.000000000000007216e-02 -9.999999999999992228e-02 6.500000000000001332e-01
5.000000000000007216e-02 -9.999999999999992228e-02 8.000000000000001554e-01
5.000000000000007216e-02 5.000000000000007216e-02 -8.499999999999999778e-01
5.000000000000007216e-02 5.000000000000007216e-02 -6.999999999999999556e-01
5.000000000000007216e-02 5.000000000000007216e-02 -5.499999999999999334e-01
5.000000000000007216e-02 5.000000000000007216e-02 -3.999999999999999112e-01
5.000000000000007216e-02 5.000000000000007216e-02 -2.499999999999999167e-01
5.000000000000007216e-02 5.000000000000007216e-02 -9.999999999999992228e-02
5.000000000000007216e-02 5.000000000000007216e-02 5.000000000000007216e-02
5.000000000000007216e-02 5.000000000000007216e-02 2.000000000000000666e-01
5.000000000000007216e-02 5.000000000000007216e-02 3.500000000000000888e-01
5.000000000000007216e-02 5.000000000000007216e-02 5.000000000000001110e-01
5.000000000000007216e-02 5.000000000000007216e-02 6.500000000000001332e-01
5.000000000000007216e-02 5.000000000000007216e-02 8.000000000000001554e-01
5.000000000000007216e-02 2.000000000000000666e-01 -8.499999999999999778e-01
5.000000000000007216e-02 2.000000000000000666e-01 -6.999999999999999556e-01
5.000000000000007216e-02 2.000000000000000666e-01 -5.499999999999999334e-01
5.000000000000007216e-02 2.000000000000000666e-01 -3.999999999999999112e-01
5.000000000000007216e-02 2.000000000000000666e-01 -2.499999999999999167e-01
5.000000000000007216e-02 2.000000000000000666e-01 -9.999999999999992228e-02
5.000000000000007216e-02 2.000000000000000666e-01 2.000000000000000666e-01
5.000000000000007216e-02 2.000000000000000666e-01 3.500000000000000888e-01
5.000000000000007216e-02 2.000000000000000666e-01 5.000000000000001110e-01
5.000000000000007216e-02 2.000000000000000666e-01 6.500000000000001332e-01
5.000000000000007216e-02 2.000000000000000666e-01 8.000000000000001554e-01
5.000000000000007216e-02 3.500000000000000888e-01 -6.999999999999999556e-01
5.000000000000007216e-02 3.500000000000000888e-01 -5.499999999999999334e-01
5.000000000000007216e-02 3.500000000000000888e-01 -3.999999999999999112e-01
5.000000000000007216e-02 3.500000000000000888e-01 -2.499999999999999167e-01
5.000000000000007216e-02 3.500000000000000888e-01 3.500000000000000888e-01
5.000000000000007216e-02 3.500000000000000888e-01 5.000000000000001110e-01
5.000000000000007216e-02 3.500000000000000888e-01 6.500000000000001332e-01
5.000000000000007216e-02 3.500000000000000888e-01 8.000000000000001554e-01
5.000000000000007216e-02 5.000000000000001110e-01 -6.999999999999999556e-01
5.000000000000007216e-02 5.000000000000001110e-01 -5.499999999999999334e-01
5.000000000000007216e-02 5.000000000000001110e-01 -3.999999999999999112e-01
5.000000000000007216e-02 5.000000000000001110e-01 3.500000000000000888e-01
5.000000000000007216e-02 5.000000000000001110e-01 5.000000000000001110e-01
5.000000000000007216e-02 5.000000000000001110e-01 6.500000000000001332e-01
5.000000000000007216e-02 6.500000000000001332e-01 -5.499999999999999334e-01
5.000000000000007216e-02 6.500000000000001332e-01 -3.999999999999999112e-01
5.000000000000007216e-02 6.500000000000001332e-01 5.000000000000001110e-01
2.000000000000000666e-01 -5.499999999999999334e-01 -5.499999999999999334e-01
2.000000000000000666e-01 -5.499999999999999334e-01 -3.999999999999999112e-01
2.000000000000000666e-01 -5.499999999999999334e-01 5.000000000000001110e-01
2.000000000000000666e-01 -5.499999999999999334e-01 6.500000000000001332e-01
2.000000000000000666e-01 -3.999999999999999112e-01 -6.999999999999999556e-01
2.000000000000000666e-01 -3.999999999999999112e-01 -5.499999999999999334e-01
2.000000000000000666e-01 -3.999999999999999112e-01 -3.999999999999999112e-01
2.000000000000000666e-01 -3.999999999999999112e-01 3.500000000000000888e-01
2.000000000000000666e-01 -3.999999999999999112e-01 5.000000000000001110e-01
2.000000000000000666e-01 -3.999999999999999112e-01 6.500000000000001332e-01
2.000000000000000666e-01 -2.499999999999999167e-01 -6.999999999999999556e-01
2.000000000000000666e-01 -2.499999999999999167e-01 -5.499999999999999334e-01
2.000000000000000666e-01 -2.499999999999999167e-01 -3.999999999999999112e-01
2.000000000000000666e-01 -2.499999999999999167e-01 -2.499999999999999167e-01
2.000000000000000666e-01 -2.499999999999999167e-01 3.500000000000000888e-01
2.000000000000000666e-01 -2.499999999999999167e-01 5.000000000000001110e-01
2.000000000000000666e-01 -2.499999999999999167e-01 6.500000000000001332e-01
2.000000000000000666e-01 -2.499999999999999167e-01 8.000000000000001554e-01
2.000000000000000666e-01 -9.999999999999992228e-02 -8.499999999999999778e-01
2.000000000000000666e-01 -9.999999999999992228e-02 -6.999999999999999556e-01
2.000000000000000666e-01 -9.999999999999992228e-02 -5.499999999999999334e-01
2.000000000000000666e-01 -9.999999999999992228e-02 -3.999999999999999112e-01
2.000000000000000666e-01 -9.999999999999992228e-02 -2.499999999999999167e-01
2.000000000000000666e-01 -9.999999999999992228e-02 2.000000000000000666e-01
2.000000000000000666e-01 -9.999999999999992228e-02 3.500000000000000888e-01
2.000000000000000666e-01 -9.999999999999992228e-02 5.000000000000001110e-01
2.000000000000000666e-01 -9.999999999999992228e-02 6.500000000000001332e-01
2.000000000000000666e-01 -9.999999999999992228e-02 8.000000000000001554e-01
2.000000000000000666e-01 5.000000000000007216e-02 -8.499999999999999778e-01
2.000000000000000666e-01 5.000000000000007216e-02 -6.999999999999999556e-01
2.000000000000000666e-01 5.000000000000007216e-02 -5.499999999999999334e-01
2.000000000000000666e-01 5.000000000000007216e-02 -3.999999999999999112e-01
2.000000000000000666e-01 5.000000000000007216e-02 -2.499999999999999167e-01
2.000000000000000666e-01 5.000000000000007216e-02 -9.999999999999992228e-02
2.000000000000000666e-01 5.000000000000007216e-02 2.000000000000000666e-01
2.000000000000000666e-01 5.000000000000007216e-02 3.500000000000000888e-01
2.000000000000000666e-01 5.000000000000007216e-02 5.000000000000001110e-01
2.000000000000000666e-01 5.000000000000007216e-02 6.500000000000001332e-01
2.000000000000000666e-01 5.000000000000007216e-02 8.000000000000001554e-01
2.000000000000000666e-01 2.000000000000000666e-01 -6.999999999999999556e-01
2.000000000000000666e-01 2.000000000000000666e-01 -5.499999999999999334e-01
2.000000000000000666e-01 2.000000000000000666e-01 -3.999999999999999112e-01
2.000000000000000666e-01 2.000000000000000666e-01 -2.499999999999999167e-01
2.000000000000000666e-01 2.000000000000000666e-01 2.000000000000000666e-01
2.000000000000000666e-01 2.000000000000000666e-01 3.500000000000000888e-01
2.000000000000000666e-01 2.000000000000000666e-01 5.000000000000001110e-01
2.000000000000000666e-01 2.000000000000000666e-01 6.500000000000001332e-01
2.000000000000000666e-01 2.000000000000000666e-01 8.000000000000001554e-01
2.000000000000000666e-01 3.500000000000000888e-01 -6.999999999999999556e-01
2.000000000000000666e-01 3.500000000000000888e-01 -5.499999999999999334e-01
2.000000000000000666e-01 3.500000000000000888e-01 -3.999999999999999112e-01
2.000000000000000666e-01 3.500000000000000888e-01 -2.499999999999999167e-01
2.000000000000000666e-01 3.500000000000000888e-01 3.500000000000000888e-01
2.000000000000000666e-01 3.500000000000000888e-01 5.000000000000001110e-01
2.000000000000000666e-01 3.500000000000000888e-01 6.500000000000001332e-01
2.000000000000000666e-01 5.000000000000001110e-01 -5.499999999999999334e-01
2.000000000000000666e-01 5.000000000000001110e-01 -3.999999999999999112e-01
2.000000000000000666e-01 5.000000000000001110e-01 3.500000000000000888e-01
2.000000000000000666e-01 5.000000000000001110e-01 5.000000000000001110e-01
2.000000000000000666e-01 5.000000000000001110e-01 6.500000000000001332e-01
2.000000000000000666e-01 6.500000000000001332e-01 5.000000000000001110e-01
3.500000000000000888e-01 -5.499999999999999334e-01 -5.499999999999999334e-01
3.500000000000000888e-01 -5.499999999999999334e-01 5.000000000000001110e-01
3.500000000000000888e-01 -3.999999999999999112e-01 -5.499999999999999334e-01
3.500000000000000888e-01 -3.999999999999999112e-01 -3.999999999999999112e-01
3.500000000000000888e-01 -3.999999999999999112e-01 5.000000000000001110e-01
3.500000000000000888e-01 -3.999999999999999112e-01 6.500000000000001332e-01
3.500000000000000888e-01 -2.499999999999999167e-01 -6.999999999999999556e-01
3.500000000000000888e-01 -2.499999999999999167e-01 -5.499999999999999334e-01
3.500000000000000888e-01 -2.499999999999999167e-01 -3.999999999999999112e-01
3.500000000000000888e-01 -2.499999999999999167e-01 3.500000000000000888e-01
3.500000000000000888e-01 -2.499999999999999167e-01 5.000000000000001110e-01
3.500000000000000888e-01 -2.499999999999999167e-01 6.500000000000001332e-01
3.500000000000000888e-01 -9.999999999999992228e-02 -6.999999999999999556e-01
3.500000000000000888e-01 -9.999999999999992228e-02 -5.499999999999999334e-01
3.500000000000000888e-01 -9.999999999999992228e-02 -3.999999999999999112e-01
3.500000000000000888e-01 -9.999999999999992228e-02 -2.499999999999999167e-01
3.500000000000000888e-01 -9.999999999999992228e-02 3.500000000000000888e-01
3.500000000000000888e-01 -9.999999999999992228e-02 5.000000000000001110e-01
3.500000000000000888e-01 -9.999999999999992228e-02 6.500000000000001332e-01
3.500000000000000888e-01 -9.999999999999992228e-02 8.000000000000001554e-01
3.500000000000000888e-01 5.000000000000007216e-02 -6.999999999999999556e-01
3.500000000000000888e-01 5.000000000000007216e-02 -5.499999999999999334e-01
3.500000000000000888e-01 5.000000000000007216e-02 -3.999999999999999112e-01
3.500000000000000888e-01 5.000000000000007216e-02 -2.499999999999999167e-01
3.500000000000000888e-01 5.000000000000007216e-02 3.500000000000000888e-01
3.500000000000000888e-01 5.000000000000007216e-02 5.000000000000001110e-01
3.500000000000000888e-01 5.000000000000007216e-02 6.500000000000001332e-01
3.500000000000000888e-01 5.000000000000007216e-02 8.000000000000001554e-01
3.500000000000000888e-01 2.000000000000000666e-01 -6.999999999999999556e-01
3.500000000000000888e-01 2.000000000000000666e-01 -5.499999999999999334e-01
3.500000000000000888e-01 2.000000000000000666e-01 -3.999999999999999112e-01
3.500000000000000888e-01 2.000000000000000666e-01 -2.499999999999999167e-01
3.500000000000000888e-01 2.000000000000000666e-01 3.500000000000000888e-01
3.500000000000000888e-01 2.000000000000000666e-01 5.000000000000001110e-01
3.500000000000000888e-01 2.000000000000000666e-01 6.500000000000001332e-01
3.500000000000000888e-01 3.500000000000000888e-01 -6.999999999999999556e-01
3.500000000000000888e-01 3.500000000000000888e-01 -5.499999999999999334e-01
3.500000000000000888e-01 3.500000000000000888e-01 -3.999999999999999112e-01
3.500000000000000888e-01 3.500000000000000888e-01 3.500000000000000888e-01
3.500000000000000888e-01 3.500000000000000888e-01 5.000000000000001110e-01
3.500000000000000888e-01 3.500000000000000888e-01 6.500000000000001332e-01
3.500000000000000888e-01 5.000000000000001110e-01 -5.499999999999999334e-01
3.500000000000000888e-01 5.000000000000001110e-01 -3.999999999999999112e-01
3.500000000000000888e-01 5.000000000000001110e-01 5.000000000000001110e-01
5.000000000000001110e-01 -3.999999999999999112e-01 -5.499999999999999334e-01
5.000000000000001110e-01 -3.999999999999999112e-01 -3.999999999999999112e-01
5.000000000000001110e-01 -3.999999999999999112e-01 5.000000000000001110e-01
5.000000000000001110e-01 -2.499999999999999167e-01 -5.499999999999999334e-01
5.000000000000001110e-01 -2.499999999999999167e-01 -3.999999999999999112e-01
5.000000000000001110e-01 -2.499999999999999167e-01 5.000000000000001110e-01
5.000000000000001110e-01 -2.499999999999999167e-01 6.500000000000001332e-01
5.000000000000001110e-01 -9.999999999999992228e-02 -6.999999999999999556e-01
5.000000000000001110e-01 -9.999999999999992228e-02 -5.499999999999999334e-01
5.000000000000001110e-01 -9.999999999999992228e-02 -3.999999999999999112e-01
5.000000000000001110e-01 -9.999999999999992228e-02 3.500000000000000888e-01
5.000000000000001110e-01 -9.999999999999992228e-02 5.000000000000001110e-01
5.000000000000001110e-01 -9.999999999999992228e-02 6.500000000000001332e-01
5.000000000000001110e-01 5.000000000000007216e-02 -6.999999999999999556e-01
5.000000000000001110e-01 5.000000000000007216e-02 -5.499999999999999334e-01
5.000000000000001110e-01 5.000000000000007216e-02 -3.999999999999999112e-01
5.000000000000001110e-01 5.000000000000007216e-02 3.500000000000000888e-01
5.000000000000001110e-01 5.000000000000007216e-02 5.000000000000001110e-01
5.000000000000001110e-01 5.000000000000007216e-02 6.500000000000001332e-01
5.000000000000001110e-01 2.000000000000000666e-01 -5.499999999999999334e-01
5.000000000000001110e-01 2.000000000000000666e-01 -3.999999999999999112e-01
5.000000000000001110e-01 2.000000000000000666e-01 3.500000000000000888e-01
5.000000000000001110e-01 2.000000000000000666e-01 5.000000000000001110e-01
5.000000000000001110e-01 2.000000000000000666e-01 6.500000000000001332e-01
5.000000000000001110e-01 3.500000000000000888e-01 -5.499999999999999334e-01
5.000000000000001110e-01 3.500000000000000888e-01 -3.999999999999999112e-01
5.000000000000001110e-01 3.500000000000000888e-01 5.000000000000001110e-01
5.000000000000001110e-01 5.000000000000001110e-01 5.000000000000001110e-01
6.500000000000001332e-01 -2.499999999999999167e-01 5.000000000000001110e-01
6.500000000000001332e-01 -9.999999999999992228e-02 -5.499999999999999334e-01
6.500000000000001332e-01 -9.999999999999992228e-02 -3.999999999999999112e-01
6.500000000000001332e-01 -9.999999999999992228e-02 5.000000000000001110e-01
6.500000000000001332e-01 5.000000000000007216e-02 -5.499999999999999334e-01
6.500000000000001332e-01 5.000000000000007216e-02 -3.999999999999999112e-01
6.500000000000001332e-01 5.000000000000007216e-02 5.000000000000001110e-01
6.500000000000001332e-01 2.000000000000000666e-01 5.000000000000001110e-01
