-7.995629787445068803e-01 -2.000009536743164729e-01 1.006184000056236982e+00
-7.995629787445068803e-01 -2.000009536743164729e-01 1.206184000056236938e+00
-7.995629787445068803e-01 -2.000009536743164729e-01 1.406184000056236894e+00
-7.995629787445068803e-01 -9.536743164617611512e-07 8.061840000562370268e-01
-7.995629787445068803e-01 -9.536743164617611512e-07 1.006184000056236982e+00
-7.995629787445068803e-01 -9.536743164617611512e-07 1.206184000056236938e+00
-7.995629787445068803e-01 -9.536743164617611512e-07 1.406184000056236894e+00
-7.995629787445068803e-01 -9.536743164617611512e-07 1.606184000056236849e+00
-7.995629787445068803e-01 1.999990463256835493e-01 1.006184000056236982e+00
-7.995629787445068803e-01 1.999990463256835493e-01 1.206184000056236938e+00
-7.995629787445068803e-01 1.999990463256835493e-01 1.406184000056236894e+00
-5.995629787445069248e-01 -6.000009536743164951e-01 1.206184000056236938e+00
-5.995629787445069248e-01 -4.000009536743164840e-01 8.061840000562370268e-01
-5.995629787445069248e-01 -4.000009536743164840e-01 1.006184000056236982e+00
-5.995629787445069248e-01 -4.000009536743164840e-01 1.206184000056236938e+00
-5.995629787445069248e-01 -4.000009536743164840e-01 1.406184000056236894e+00
-5.995629787445069248e-01 -4.000009536743164840e-01 1.606184000056236849e+00
-5.995629787445069248e-01 -4.000009536743164840e-01 1.806184000056236805e+00
-5.995629787445069248e-01 -2.000009536743164729e-01 6.061840000562370712e-01
-5.995629787445069248e-01 -2.000009536743164729e-01 8.061840000562370268e-01
-5.995629787445069248e-01 -2.000009536743164729e-01 1.006184000056236982e+00
-5.995629787445069248e-01 -2.000009536743164729e-01 1.206184000056236938e+00
-5.995629787445069248e-01 -2.000009536743164729e-01 1.406184000056236894e+00
-5.995629787445069248e-01 -2.000009536743164729e-01 1.606184000056236849e+00
-5.995629787445069248e-01 -2.000009536743164729e-01 1.806184000056236805e+00
-5.995629787445069248e-01 -2.000009536743164729e-01 2.006184000056236982e+00
-5.995629787445069248e-01 -9.536743164617611512e-07 6.061840000562370712e-01
-5.995629787445069248e-01 -9.536743164617611512e-07 8.061840000562370268e-01
-5.995629787445069248e-01 -9.536743164617611512e-07 1.006184000056236982e+00
-5.995629787445069248e-01 -9.536743164617611512e-07 1.206184000056236938e+00
-5.995629787445069248e-01 -9.536743164617611512e-07 1.406184000056236894e+00
-5.995629787445069248e-01 -9.536743164617611512e-07 1.606184000056236849e+00
-5.995629787445069248e-01 -9.536743164617611512e-07 1.806184000056236805e+00
-5.995629787445069248e-01 -9.536743164617611512e-07 2.006184000056236982e+00
-5.995629787445069248e-01 -9.536743164617611512e-07 2.206184000056237160e+00
-5.995629787445069248e-01 1.999990463256835493e-01 6.061840000562370712e-01
-5.995629787445069248e-01 1.999990463256835493e-01 8.061840000562370268e-01
-5.995629787445069248e-01 1.999990463256835493e-01 1.006184000056236982e+00
-5.995629787445069248e-01 1.999990463256835493e-01 1.206184000056236938e+00
-5.995629787445069248e-01 1.999990463256835493e-01 1.406184000056236894e+00
-5.995629787445069248e-01 1.999990463256835493e-01 1.606184000056236849e+00
-5.995629787445069248e-01 1.999990463256835493e-01 1.806184000056236805e+00
-5.995629787445069248e-01 1.999990463256835493e-01 2.006184000056236982e+00
-5.995629787445069248e-01 3.999990463256835604e-01 8.061840000562370268e-01
-5.995629787445069248e-01 3.999990463256835604e-01 1.006184000056236982e+00
-5.995629787445069248e-01 3.999990463256835604e-01 1.206184000056236938e+00
-5.995629787445069248e-01 3.999990463256835604e-01 1.406184000056236894e+00
-5.995629787445069248e-01 3.999990463256835604e-01 1.606184000056236849e+00
-5.995629787445069248e-01 3.999990463256835604e-01 1.806184000056236805e+00
-5.995629787445069248e-01 5.999990463256835715e-01 1.206184000056236938e+00
-3.995629787445069137e-01 -6.000009536743164951e-01 8.061840000562370268e-01
-3.995629787445069137e-01 -6.000009536743164951e-01 1.006184000056236982e+00
-3.995629787445069137e-01 -6.000009536743164951e-01 1.206184000056236938e+00
-3.995629787445069137e-01 -6.000009536743164951e-01 1.406184000056236894e+00
-3.995629787445069137e-01 -6.000009536743164951e-01 1.606184000056236849e+00
-3.995629787445069137e-01 -6.000009536743164951e-01 1.806184000056236805e+00
-3.995629787445069137e-01 -4.000009536743164840e-01 6.061840000562370712e-01
-3.995629787445069137e-01 -4.000009536743164840e-01 8.061840000562370268e-01
-3.995629787445069137e-01 -4.000009536743164840e-01 1.006184000056236982e+00
-3.995629787445069137e-01 -4.000009536743164840e-01 1.206184000056236938e+00
-3.995629787445069137e-01 -4.000009536743164840e-01 1.406184000056236894e+00
-3.995629787445069137e-01 -4.000009536743164840e-01 1.606184000056236849e+00
-3.995629787445069137e-01 -4.000009536743164840e-01 1.806184000056236805e+00
-3.995629787445069137e-01 -4.000009536743164840e-01 2.006184000056236982e+00
-3.995629787445069137e-01 -4.000009536743164840e-01 2.206184000056237160e+00
-3.995629787445069137e-01 -2.000009536743164729e-01 4.061840000562370046e-01
-3.995629787445069137e-01 -2.000009536743164729e-01 6.061840000562370712e-01
-3.995629787445069137e-01 -2.000009536743164729e-01 8.061840000562370268e-01
-3.995629787445069137e-01 -2.000009536743164729e-01 1.006184000056236982e+00
-3.995629787445069137e-01 -2.000009536743164729e-01 1.206184000056236938e+00
-3.995629787445069137e-01 -2.000009536743164729e-01 1.406184000056236894e+00
-3.995629787445069137e-01 -2.000009536743164729e-01 1.606184000056236849e+00
-3.995629787445069137e-01 -2.000009536743164729e-01 1.806184000056236805e+00
-3.995629787445069137e-01 -2.000009536743164729e-01 2.006184000056236982e+00
-3.995629787445069137e-01 -2.000009536743164729e-01 2.206184000056237160e+00
-3.995629787445069137e-01 -2.000009536743164729e-01 2.406184000056237338e+00
-3.995629787445069137e-01 -9.536743164617611512e-07 4.061840000562370046e-01
-3.995629787445069137e-01 -9.536743164617611512e-07 6.061840000562370712e-01
-3.995629787445069137e-01 -9.536743164617611512e-07 8.061840000562370268e-01
-3.995629787445069137e-01 -9.536743164617611512e-07 1.006184000056236982e+00
-3.995629787445069137e-01 -9.536743164617611512e-07 1.206184000056236938e+00
-3.995629787445069137e-01 -9.536743164617611512e-07 1.406184000056236894e+00
-3.995629787445069137e-01 -9.536743164617611512e-07 1.606184000056236849e+00
-3.995629787445069137e-01 -9.536743164617611512e-07 1.806184000056236805e+00
-3.995629787445069137e-01 -9.536743164617611512e-07 2.006184000056236982e+00
-3.995629787445069137e-01 -9.536743164617611512e-07 2.206184000056237160e+00
-3.995629787445069137e-01 -9.536743164617611512e-07 2.406184000056237338e+00
-3.995629787445069137e-01 1.999990463256835493e-01 4.061840000562370046e-01
-3.995629787445069137e-01 1.999990463256835493e-01 6.061840000562370712e-01
-3.995629787445069137e-01 1.999990463256835493e-01 8.061840000562370268e-01
-3.995629787445069137e-01 1.999990463256835493e-01 1.006184000056236982e+00
-3.995629787445069137e-01 1.999990463256835493e-01 1.206184000056236938e+00
-3.995629787445069137e-01 1.999990463256835493e-01 1.406184000056236894e+00
-3.995629787445069137e-01 1.999990463256835493e-01 1.606184000056236849e+00
-3.995629787445069137e-01 1.999990463256835493e-01 1.806184000056236805e+00
-3.995629787445069137e-01 1.999990463256835493e-01 2.006184000056236982e+00
-3.995629787445069137e-01 1.999990463256835493e-01 2.206184000056237160e+00
-3.995629787445069137e-01 1.999990463256835493e-01 2.406184000056237338e+00
-3.995629787445069137e-01 3.999990463256835604e-01 6.061840000562370712e-01
-3.995629787445069137e-01 3.999990463256835604e-01 8.061840000562370268e-01
-3.995629787445069137e-01 3.999990463256835604e-01 1.006184000056236982e+00
-3.995629787445069137e-01 3.999990463256835604e-01 1.206184000056236938e+00
-3.995629787445069137e-01 3.999990463256835604e-01 1.406184000056236894e+00
-3.995629787445069137e-01 3.999990463256835604e-01 1.606184000056236849e+00
-3.995629787445069137e-01 3.999990463256835604e-01 1.806184000056236805e+00
-3.995629787445069137e-01 3.999990463256835604e-01 2.006184000056236982e+00
-3.995629787445069137e-01 3.999990463256835604e-01 2.206184000056237160e+00
-3.995629787445069137e-01 5.999990463256835715e-01 8.061840000562370268e-01
-3.995629787445069137e-01 5.999990463256835715e-01 1.006184000056236982e+00
-3.995629787445069137e-01 5.999990463256835715e-01 1.206184000056236938e+00
-3.995629787445069137e-01 5.999990463256835715e-01 1.406184000056236894e+00
-3.995629787445069137e-01 5.999990463256835715e-01 1.606184000056236849e+00
-3.995629787445069137e-01 5.999990463256835715e-01 1.806184000056236805e+00
-1.995629787445069026e-01 -8.000009536743164507e-01 1.006184000056236982e+00
-1.995629787445069026e-01 -8.000009536743164507e-01 1.206184000056236938e+00
-1.995629787445069026e-01 -8.000009536743164507e-01 1.406184000056236894e+00
-1.995629787445069026e-01 -6.000009536743164951e-01 6.061840000562370712e-01
-1.995629787445069026e-01 -6.000009536743164951e-01 8.061840000562370268e-01
-1.995629787445069026e-01 -6.000009536743164951e-01 1.006184000056236982e+00
-1.995629787445069026e-01 -6.000009536743164951e-01 1.206184000056236938e+00
-1.995629787445069026e-01 -6.000009536743164951e-01 1.406184000056236894e+00
-1.995629787445069026e-01 -6.000009536743164951e-01 1.606184000056236849e+00
-1.995629787445069026e-01 -6.000009536743164951e-01 1.806184000056236805e+00
-1.995629787445069026e-01 -6.000009536743164951e-01 2.006184000056236982e+00
-1.995629787445069026e-01 -4.000009536743164840e-01 4.061840000562370046e-01
-1.995629787445069026e-01 -4.000009536743164840e-01 6.061840000562370712e-01
-1.995629787445069026e-01 -4.000009536743164840e-01 8.061840000562370268e-01
-1.995629787445069026e-01 -4.000009536743164840e-01 1.006184000056236982e+00
-1.995629787445069026e-01 -4.000009536743164840e-01 1.206184000056236938e+00
-1.995629787445069026e-01 -4.000009536743164840e-01 1.406184000056236894e+00
-1.995629787445069026e-01 -4.000009536743164840e-01 1.606184000056236849e+00
-1.995629787445069026e-01 -4.000009536743164840e-01 1.806184000056236805e+00
-1.995629787445069026e-01 -4.000009536743164840e-01 2.006184000056236982e+00
-1.995629787445069026e-01 -4.000009536743164840e-01 2.206184000056237160e+00
-1.995629787445069026e-01 -4.000009536743164840e-01 2.406184000056237338e+00
-1.995629787445069026e-01 -2.000009536743164729e-01 4.061840000562370046e-01
-1.995629787445069026e-01 -2.000009536743164729e-01 6.061840000562370712e-01
-1.995629787445069026e-01 -2.000009536743164729e-01 8.061840000562370268e-01
-1.995629787445069026e-01 -2.000009536743164729e-01 1.006184000056236982e+00
-1.995629787445069026e-01 -2.000009536743164729e-01 1.206184000056236938e+00
-1.995629787445069026e-01 -2.000009536743164729e-01 1.406184000056236894e+00
-1.995629787445069026e-01 -2.000009536743164729e-01 1.606184000056236849e+00
-1.995629787445069026e-01 -2.000009536743164729e-01 1.806184000056236805e+00
-1.995629787445069026e-01 -2.000009536743164729e-01 2.006184000056236982e+00
-1.995629787445069026e-01 -2.000009536743164729e-01 2.206184000056237160e+00
-1.995629787445069026e-01 -2.000009536743164729e-01 2.406184000056237338e+00
-1.995629787445069026e-01 -2.000009536743164729e-01 2.606184000056237515e+00
-1.995629787445069026e-01 -9.536743164617611512e-07 4.061840000562370046e-01
-1.995629787445069026e-01 -9.536743164617611512e-07 6.061840000562370712e-01
-1.995629787445069026e-01 -9.536743164617611512e-07 8.061840000562370268e-01
-1.995629787445069026e-01 -9.536743164617611512e-07 1.006184000056236982e+00
-1.995629787445069026e-01 -9.536743164617611512e-07 1.206184000056236938e+00
-1.995629787445069026e-01 -9.536743164617611512e-07 1.406184000056236894e+00
-1.995629787445069026e-01 -9.536743164617611512e-07 1.606184000056236849e+00
-1.995629787445069026e-01 -9.536743164617611512e-07 1.806184000056236805e+00
-1.995629787445069026e-01 -9.536743164617611512e-07 2.006184000056236982e+00
-1.995629787445069026e-01 -9.536743164617611512e-07 2.206184000056237160e+00
-1.995629787445069026e-01 -9.536743164617611512e-07 2.406184000056237338e+00
-1.995629787445069026e-01 -9.536743164617611512e-07 2.606184000056237515e+00
-1.995629787445069026e-01 1.999990463256835493e-01 4.061840000562370046e-01
-1.995629787445069026e-01 1.999990463256835493e-01 6.061840000562370712e-01
-1.995629787445069026e-01 1.999990463256835493e-01 8.061840000562370268e-01
-1.995629787445069026e-01 1.999990463256835493e-01 1.006184000056236982e+00
-1.995629787445069026e-01 1.999990463256835493e-01 1.206184000056236938e+00
-1.995629787445069026e-01 1.999990463256835493e-01 1.406184000056236894e+00
-1.995629787445069026e-01 1.999990463256835493e-01 1.606184000056236849e+00
-1.995629787445069026e-01 1.999990463256835493e-01 1.806184000056236805e+00
-1.995629787445069026e-01 1.999990463256835493e-01 2.006184000056236982e+00
-1.995629787445069026e-01 1.999990463256835493e-01 2.206184000056237160e+00
-1.995629787445069026e-01 1.999990463256835493e-01 2.406184000056237338e+00
-1.995629787445069026e-01 1.999990463256835493e-01 2.606184000056237515e+00
-1.995629787445069026e-01 3.999990463256835604e-01 4.061840000562370046e-01
-1.995629787445069026e-01 3.999990463256835604e-01 6.061840000562370712e-01
-1.995629787445069026e-01 3.999990463256835604e-01 8.061840000562370268e-01
-1.995629787445069026e-01 3.999990463256835604e-01 1.006184000056236982e+00
-1.995629787445069026e-01 3.999990463256835604e-01 1.206184000056236938e+00
-1.995629787445069026e-01 3.999990463256835604e-01 1.406184000056236894e+00
-1.995629787445069026e-01 3.999990463256835604e-01 1.606184000056236849e+00
-1.995629787445069026e-01 3.999990463256835604e-01 1.806184000056236805e+00
-1.995629787445069026e-01 3.999990463256835604e-01 2.006184000056236982e+00
-1.995629787445069026e-01 3.999990463256835604e-01 2.206184000056237160e+00
-1.995629787445069026e-01 3.999990463256835604e-01 2.406184000056237338e+00
-1.995629787445069026e-01 5.999990463256835715e-01 6.061840000562370712e-01
-1.995629787445069026e-01 5.999990463256835715e-01 8.061840000562370268e-01
-1.995629787445069026e-01 5.999990463256835715e-01 1.006184000056236982e+00
-1.995629787445069026e-01 5.999990463256835715e-01 1.206184000056236938e+00
-1.995629787445069026e-01 5.999990463256835715e-01 1.406184000056236894e+00
-1.995629787445069026e-01 5.999990463256835715e-01 1.606184000056236849e+00
-1.995629787445069026e-01 5.999990463256835715e-01 1.806184000056236805e+00
-1.995629787445069026e-01 5.999990463256835715e-01 2.006184000056236982e+00
-1.995629787445069026e-01 7.999990463256836382e-01 1.006184000056236982e+00
-1.995629787445069026e-01 7.999990463256836382e-01 1.206184000056236938e+00
-1.995629787445069026e-01 7.999990463256836382e-01 1.406184000056236894e+00
4.370212554931085513e-04 -8.000009536743164507e-01 8.061840000562370268e-01
4.370212554931085513e-04 -8.000009536743164507e-01 1.006184000056236982e+00
4.370212554931085513e-04 -8.000009536743164507e-01 1.206184000056236938e+00
4.370212554931085513e-04 -8.000009536743164507e-01 1.406184000056236894e+00
4.370212554931085513e-04 -8.000009536743164507e-01 1.606184000056236849e+00
4.370212554931085513e-04 -6.000009536743164951e-01 6.061840000562370712e-01
4.370212554931085513e-04 -6.000009536743164951e-01 8.061840000562370268e-01
4.370212554931085513e-04 -6.000009536743164951e-01 1.006184000056236982e+00
4.370212554931085513e-04 -6.000009536743164951e-01 1.206184000056236938e+00
4.370212554931085513e-04 -6.000009536743164951e-01 1.406184000056236894e+00
4.370212554931085513e-04 -6.000009536743164951e-01 1.606184000056236849e+00
4.370212554931085513e-04 -6.000009536743164951e-01 1.806184000056236805e+00
4.370212554931085513e-04 -6.000009536743164951e-01 2.006184000056236982e+00
4.370212554931085513e-04 -6.000009536743164951e-01 2.206184000056237160e+00
4.370212554931085513e-04 -4.000009536743164840e-01 4.061840000562370046e-01
4.370212554931085513e-04 -4.000009536743164840e-01 6.061840000562370712e-01
4.370212554931085513e-04 -4.000009536743164840e-01 8.061840000562370268e-01
4.370212554931085513e-04 -4.000009536743164840e-01 1.006184000056236982e+00
4.370212554931085513e-04 -4.000009536743164840e-01 1.206184000056236938e+00
4.370212554931085513e-04 -4.000009536743164840e-01 1.406184000056236894e+00
4.370212554931085513e-04 -4.000009536743164840e-01 1.606184000056236849e+00
4.370212554931085513e-04 -4.000009536743164840e-01 1.806184000056236805e+00
4.370212554931085513e-04 -4.000009536743164840e-01 2.006184000056236982e+00
4.370212554931085513e-04 -4.000009536743164840e-01 2.206184000056237160e+00
4.370212554931085513e-04 -4.000009536743164840e-01 2.406184000056237338e+00
4.370212554931085513e-04 -2.000009536743164729e-01 4.061840000562370046e-01
4.370212554931085513e-04 -2.000009536743164729e-01 6.061840000562370712e-01
4.370212554931085513e-04 -2.000009536743164729e-01 8.061840000562370268e-01
4.370212554931085513e-04 -2.000009536743164729e-01 1.006184000056236982e+00
4.370212554931085513e-04 -2.000009536743164729e-01 1.206184000056236938e+00
4.370212554931085513e-04 -2.000009536743164729e-01 1.406184000056236894e+00
4.370212554931085513e-04 -2.000009536743164729e-01 1.606184000056236849e+00
4.370212554931085513e-04 -2.000009536743164729e-01 1.806184000056236805e+00
4.370212554931085513e-04 -2.000009536743164729e-01 2.006184000056236982e+00
4.370212554931085513e-04 -2.000009536743164729e-01 2.206184000056237160e+00
4.370212554931085513e-04 -2.000009536743164729e-01 2.406184000056237338e+00
4.370212554931085513e-04 -2.000009536743164729e-01 2.606184000056237515e+00
4.370212554931085513e-04 -9.536743164617611512e-07 2.061840000562369934e-01
4.370212554931085513e-04 -9.536743164617611512e-07 4.061840000562370046e-01
4.370212554931085513e-04 -9.536743164617611512e-07 6.061840000562370712e-01
4.370212554931085513e-04 -9.536743164617611512e-07 8.061840000562370268e-01
4.370212554931085513e-04 -9.536743164617611512e-07 1.006184000056236982e+00
4.370212554931085513e-04 -9.536743164617611512e-07 1.206184000056236938e+00
4.370212554931085513e-04 -9.536743164617611512e-07 1.406184000056236894e+00
4.370212554931085513e-04 -9.536743164617611512e-07 1.606184000056236849e+00
4.370212554931085513e-04 -9.536743164617611512e-07 1.806184000056236805e+00
4.370212554931085513e-04 -9.536743164617611512e-07 2.006184000056236982e+00
4.370212554931085513e-04 -9.536743164617611512e-07 2.206184000056237160e+00
4.370212554931085513e-04 -9.536743164617611512e-07 2.406184000056237338e+00
4.370212554931085513e-04 -9.536743164617611512e-07 2.606184000056237515e+00
4.370212554931085513e-04 -9.536743164617611512e-07 2.806184000056237693e+00
4.370212554931085513e-04 1.999990463256835493e-01 4.061840000562370046e-01
4.370212554931085513e-04 1.999990463256835493e-01 6.061840000562370712e-01
4.370212554931085513e-04 1.999990463256835493e-01 8.061840000562370268e-01
4.370212554931085513e-04 1.999990463256835493e-01 1.006184000056236982e+00
4.370212554931085513e-04 1.999990463256835493e-01 1.206184000056236938e+00
4.370212554931085513e-04 1.999990463256835493e-01 1.406184000056236894e+00
4.370212554931085513e-04 1.999990463256835493e-01 1.606184000056236849e+00
4.370212554931085513e-04 1.999990463256835493e-01 1.806184000056236805e+00
4.370212554931085513e-04 1.999990463256835493e-01 2.006184000056236982e+00
4.370212554931085513e-04 1.999990463256835493e-01 2.206184000056237160e+00
4.370212554931085513e-04 1.999990463256835493e-01 2.406184000056237338e+00
4.370212554931085513e-04 1.999990463256835493e-01 2.606184000056237515e+00
4.370212554931085513e-04 3.999990463256835604e-01 4.061840000562370046e-01
4.370212554931085513e-04 3.999990463256835604e-01 6.061840000562370712e-01
4.370212554931085513e-04 3.999990463256835604e-01 8.061840000562370268e-01
4.370212554931085513e-04 3.999990463256835604e-01 1.006184000056236982e+00
4.370212554931085513e-04 3.999990463256835604e-01 1.206184000056236938e+00
4.370212554931085513e-04 3.999990463256835604e-01 1.406184000056236894e+00
4.370212554931085513e-04 3.999990463256835604e-01 1.606184000056236849e+00
4.370212554931085513e-04 3.999990463256835604e-01 1.806184000056236805e+00
4.370212554931085513e-04 3.999990463256835604e-01 2.006184000056236982e+00
4.370212554931085513e-04 3.999990463256835604e-01 2.206184000056237160e+00
4.370212554931085513e-04 3.999990463256835604e-01 2.406184000056237338e+00
4.370212554931085513e-04 5.999990463256835715e-01 6.061840000562370712e-01
4.370212554931085513e-04 5.999990463256835715e-01 8.061840000562370268e-01
4.370212554931085513e-04 5.999990463256835715e-01 1.006184000056236982e+00
4.370212554931085513e-04 5.999990463256835715e-01 1.206184000056236938e+00
4.370212554931085513e-04 5.999990463256835715e-01 1.406184000056236894e+00
4.370212554931085513e-04 5.999990463256835715e-01 1.606184000056236849e+00
4.370212554931085513e-04 5.999990463256835715e-01 1.806184000056236805e+00
4.370212554931085513e-04 5.999990463256835715e-01 2.006184000056236982e+00
4.370212554931085513e-04 5.999990463256835715e-01 2.206184000056237160e+00
4.370212554931085513e-04 7.999990463256836382e-01 8.061840000562370268e-01
4.370212554931085513e-04 7.999990463256836382e-01 1.006184000056236982e+00
4.370212554931085513e-04 7.999990463256836382e-01 1.206184000056236938e+00
4.370212554931085513e-04 7.999990463256836382e-01 1.406184000056236894e+00
4.370212554931085513e-04 7.999990463256836382e-01 1.606184000056236849e+00
2.004370212554931197e-01 -8.000009536743164507e-01 1.006184000056236982e+00
2.004370212554931197e-01 -8.000009536743164507e-01 1.206184000056236938e+00
2.004370212554931197e-01 -8.000009536743164507e-01 1.406184000056236894e+00
2.004370212554931197e-01 -6.000009536743164951e-01 6.061840000562370712e-01
2.004370212554931197e-01 -6.000009536743164951e-01 8.061840000562370268e-01
2.004370212554931197e-01 -6.000009536743164951e-01 1.006184000056236982e+00
2.004370212554931197e-01 -6.000009536743164951e-01 1.206184000056236938e+00
2.004370212554931197e-01 -6.000009536743164951e-01 1.406184000056236894e+00
2.004370212554931197e-01 -6.000009536743164951e-01 1.606184000056236849e+00
2.004370212554931197e-01 -6.000009536743164951e-01 1.806184000056236805e+00
2.004370212554931197e-01 -6.000009536743164951e-01 2.006184000056236982e+00
2.004370212554931197e-01 -4.000009536743164840e-01 4.061840000562370046e-01
2.004370212554931197e-01 -4.000009536743164840e-01 6.061840000562370712e-01
2.004370212554931197e-01 -4.000009536743164840e-01 8.061840000562370268e-01
2.004370212554931197e-01 -4.000009536743164840e-01 1.006184000056236982e+00
2.004370212554931197e-01 -4.000009536743164840e-01 1.206184000056236938e+00
2.004370212554931197e-01 -4.000009536743164840e-01 1.406184000056236894e+00
2.004370212554931197e-01 -4.000009536743164840e-01 1.606184000056236849e+00
2.004370212554931197e-01 -4.000009536743164840e-01 1.806184000056236805e+00
2.004370212554931197e-01 -4.000009536743164840e-01 2.006184000056236982e+00
2.004370212554931197e-01 -4.000009536743164840e-01 2.206184000056237160e+00
2.004370212554931197e-01 -4.000009536743164840e-01 2.406184000056237338e+00
2.004370212554931197e-01 -2.000009536743164729e-01 4.061840000562370046e-01
2.004370212554931197e-01 -2.000009536743164729e-01 6.061840000562370712e-01
2.004370212554931197e-01 -2.000009536743164729e-01 8.061840000562370268e-01
2.004370212554931197e-01 -2.000009536743164729e-01 1.006184000056236982e+00
2.004370212554931197e-01 -2.000009536743164729e-01 1.206184000056236938e+00
2.004370212554931197e-01 -2.000009536743164729e-01 1.406184000056236894e+00
2.004370212554931197e-01 -2.000009536743164729e-01 1.606184000056236849e+00
2.004370212554931197e-01 -2.000009536743164729e-01 1.806184000056236805e+00
2.004370212554931197e-01 -2.000009536743164729e-01 2.006184000056236982e+00
2.004370212554931197e-01 -2.000009536743164729e-01 2.206184000056237160e+00
2.004370212554931197e-01 -2.000009536743164729e-01 2.406184000056237338e+00
2.004370212554931197e-01 -2.000009536743164729e-01 2.606184000056237515e+00
2.004370212554931197e-01 -9.536743164617611512e-07 4.061840000562370046e-01
2.004370212554931197e-01 -9.536743164617611512e-07 6.061840000562370712e-01
2.004370212554931197e-01 -9.536743164617611512e-07 8.061840000562370268e-01
2.004370212554931197e-01 -9.536743164617611512e-07 1.006184000056236982e+00
2.004370212554931197e-01 -9.536743164617611512e-07 1.206184000056236938e+00
2.004370212554931197e-01 -9.536743164617611512e-07 1.406184000056236894e+00
2.004370212554931197e-01 -9.536743164617611512e-07 1.606184000056236849e+00
2.004370212554931197e-01 -9.536743164617611512e-07 1.806184000056236805e+00
2.004370212554931197e-01 -9.536743164617611512e-07 2.006184000056236982e+00
2.004370212554931197e-01 -9.536743164617611512e-07 2.206184000056237160e+00
2.004370212554931197e-01 -9.536743164617611512e-07 2.406184000056237338e+00
2.004370212554931197e-01 -9.536743164617611512e-07 2.606184000056237515e+00
2.004370212554931197e-01 1.999990463256835493e-01 4.061840000562370046e-01
2.004370212554931197e-01 1.999990463256835493e-01 6.061840000562370712e-01
2.004370212554931197e-01 1.999990463256835493e-01 8.061840000562370268e-01
2.004370212554931197e-01 1.999990463256835493e-01 1.006184000056236982e+00
2.004370212554931197e-01 1.999990463256835493e-01 1.206184000056236938e+00
2.004370212554931197e-01 1.999990463256835493e-01 1.406184000056236894e+00
2.004370212554931197e-01 1.999990463256835493e-01 1.606184000056236849e+00
2.004370212554931197e-01 1.999990463256835493e-01 1.806184000056236805e+00
2.004370212554931197e-01 1.999990463256835493e-01 2.006184000056236982e+00
2.004370212554931197e-01 1.999990463256835493e-01 2.206184000056237160e+00
2.004370212554931197e-01 1.999990463256835493e-01 2.406184000056237338e+00
2.004370212554931197e-01 1.999990463256835493e-01 2.606184000056237515e+00
2.004370212554931197e-01 3.999990463256835604e-01 4.061840000562370046e-01
2.004370212554931197e-01 3.999990463256835604e-01 6.061840000562370712e-01
2.004370212554931197e-01 3.999990463256835604e-01 8.061840000562370268e-01
2.004370212554931197e-01 3.999990463256835604e-01 1.006184000056236982e+00
2.004370212554931197e-01 3.999990463256835604e-01 1.206184000056236938e+00
2.004370212554931197e-01 3.999990463256835604e-01 1.406184000056236894e+00
2.004370212554931197e-01 3.999990463256835604e-01 1.606184000056236849e+00
2.004370212554931197e-01 3.999990463256835604e-01 1.806184000056236805e+00
2.004370212554931197e-01 3.999990463256835604e-01 2.006184000056236982e+00
2.004370212554931197e-01 3.999990463256835604e-01 2.206184000056237160e+00
2.004370212554931197e-01 3.999990463256835604e-01 2.406184000056237338e+00
2.004370212554931197e-01 5.999990463256835715e-01 6.061840000562370712e-01
2.004370212554931197e-01 5.999990463256835715e-01 8.061840000562370268e-01
2.004370212554931197e-01 5.999990463256835715e-01 1.006184000056236982e+00
2.004370212554931197e-01 5.999990463256835715e-01 1.206184000056236938e+00
2.004370212554931197e-01 5.999990463256835715e-01 1.406184000056236894e+00
2.004370212554931197e-01 5.999990463256835715e-01 1.606184000056236849e+00
2.004370212554931197e-01 5.999990463256835715e-01 1.806184000056236805e+00
2.004370212554931197e-01 5.999990463256835715e-01 2.006184000056236982e+00
2.004370212554931197e-01 7.999990463256836382e-01 1.006184000056236982e+00
2.004370212554931197e-01 7.999990463256836382e-01 1.206184000056236938e+00
2.004370212554931197e-01 7.999990463256836382e-01 1.406184000056236894e+00
4.004370212554931308e-01 -6.000009536743164951e-01 8.061840000562370268e-01
4.004370212554931308e-01 -6.000009536743164951e-01 1.006184000056236982e+00
4.004370212554931308e-01 -6.000009536743164951e-01 1.206184000056236938e+00
4.004370212554931308e-01 -6.000009536743164951e-01 1.406184000056236894e+00
4.004370212554931308e-01 -6.000009536743164951e-01 1.606184000056236849e+00
4.004370212554931308e-01 -6.000009536743164951e-01 1.806184000056236805e+00
4.004370212554931308e-01 -4.000009536743164840e-01 6.061840000562370712e-01
4.004370212554931308e-01 -4.000009536743164840e-01 8.061840000562370268e-01
4.004370212554931308e-01 -4.000009536743164840e-01 1.006184000056236982e+00
4.004370212554931308e-01 -4.000009536743164840e-01 1.206184000056236938e+00
4.004370212554931308e-01 -4.000009536743164840e-01 1.406184000056236894e+00
4.004370212554931308e-01 -4.000009536743164840e-01 1.606184000056236849e+00
4.004370212554931308e-01 -4.000009536743164840e-01 1.806184000056236805e+00
4.004370212554931308e-01 -4.000009536743164840e-01 2.006184000056236982e+00
4.004370212554931308e-01 -4.000009536743164840e-01 2.206184000056237160e+00
4.004370212554931308e-01 -2.000009536743164729e-01 4.061840000562370046e-01
4.004370212554931308e-01 -2.000009536743164729e-01 6.061840000562370712e-01
4.004370212554931308e-01 -2.000009536743164729e-01 8.061840000562370268e-01
4.004370212554931308e-01 -2.000009536743164729e-01 1.006184000056236982e+00
4.004370212554931308e-01 -2.000009536743164729e-01 1.206184000056236938e+00
4.004370212554931308e-01 -2.000009536743164729e-01 1.406184000056236894e+00
4.004370212554931308e-01 -2.000009536743164729e-01 1.606184000056236849e+00
4.004370212554931308e-01 -2.000009536743164729e-01 1.806184000056236805e+00
4.004370212554931308e-01 -2.000009536743164729e-01 2.006184000056236982e+00
4.004370212554931308e-01 -2.000009536743164729e-01 2.206184000056237160e+00
4.004370212554931308e-01 -2.000009536743164729e-01 2.406184000056237338e+00
4.004370212554931308e-01 -9.536743164617611512e-07 4.061840000562370046e-01
4.004370212554931308e-01 -9.536743164617611512e-07 6.061840000562370712e-01
4.004370212554931308e-01 -9.536743164617611512e-07 8.061840000562370268e-01
4.004370212554931308e-01 -9.536743164617611512e-07 1.006184000056236982e+00
4.004370212554931308e-01 -9.536743164617611512e-07 1.206184000056236938e+00
4.004370212554931308e-01 -9.536743164617611512e-07 1.406184000056236894e+00
4.004370212554931308e-01 -9.536743164617611512e-07 1.606184000056236849e+00
4.004370212554931308e-01 -9.536743164617611512e-07 1.806184000056236805e+00
4.004370212554931308e-01 -9.536743164617611512e-07 2.006184000056236982e+00
4.004370212554931308e-01 -9.536743164617611512e-07 2.206184000056237160e+00
4.004370212554931308e-01 -9.536743164617611512e-07 2.406184000056237338e+00
4.004370212554931308e-01 1.999990463256835493e-01 4.061840000562370046e-01
4.004370212554931308e-01 1.999990463256835493e-01 6.061840000562370712e-01
4.004370212554931308e-01 1.999990463256835493e-01 8.061840000562370268e-01
4.004370212554931308e-01 1.999990463256835493e-01 1.006184000056236982e+00
4.004370212554931308e-01 1.999990463256835493e-01 1.206184000056236938e+00
4.004370212554931308e-01 1.999990463256835493e-01 1.406184000056236894e+00
4.004370212554931308e-01 1.999990463256835493e-01 1.606184000056236849e+00
4.004370212554931308e-01 1.999990463256835493e-01 1.806184000056236805e+00
4.004370212554931308e-01 1.999990463256835493e-01 2.006184000056236982e+00
4.004370212554931308e-01 1.999990463256835493e-01 2.206184000056237160e+00
4.004370212554931308e-01 1.999990463256835493e-01 2.406184000056237338e+00
4.004370212554931308e-01 3.999990463256835604e-01 6.061840000562370712e-01
4.004370212554931308e-01 3.999990463256835604e-01 8.061840000562370268e-01
4.004370212554931308e-01 3.999990463256835604e-01 1.006184000056236982e+00
4.004370212554931308e-01 3.999990463256835604e-01 1.206184000056236938e+00
4.004370212554931308e-01 3.999990463256835604e-01 1.406184000056236894e+00
4.004370212554931308e-01 3.999990463256835604e-01 1.606184000056236849e+00
4.004370212554931308e-01 3.999990463256835604e-01 1.806184000056236805e+00
4.004370212554931308e-01 3.999990463256835604e-01 2.006184000056236982e+00
4.004370212554931308e-01 3.999990463256835604e-01 2.206184000056237160e+00
4.004370212554931308e-01 5.999990463256835715e-01 8.061840000562370268e-01
4.004370212554931308e-01 5.999990463256835715e-01 1.006184000056236982e+00
4.004370212554931308e-01 5.999990463256835715e-01 1.206184000056236938e+00
4.004370212554931308e-01 5.999990463256835715e-01 1.406184000056236894e+00
4.004370212554931308e-01 5.999990463256835715e-01 1.606184000056236849e+00
4.004370212554931308e-01 5.999990463256835715e-01 1.806184000056236805e+00
6.004370212554931419e-01 -6.000009536743164951e-01 1.206184000056236938e+00
6.004370212554931419e-01 -4.000009536743164840e-01 8.061840000562370268e-01
6.004370212554931419e-01 -4.000009536743164840e-01 1.006184000056236982e+00
6.004370212554931419e-01 -4.000009536743164840e-01 1.206184000056236938e+00
6.004370212554931419e-01 -4.000009536743164840e-01 1.406184000056236894e+00
6.004370212554931419e-01 -4.000009536743164840e-01 1.606184000056236849e+00
6.004370212554931419e-01 -4.000009536743164840e-01 1.806184000056236805e+00
6.004370212554931419e-01 -2.000009536743164729e-01 6.061840000562370712e-01
6.004370212554931419e-01 -2.000009536743164729e-01 8.061840000562370268e-01
6.004370212554931419e-01 -2.000009536743164729e-01 1.006184000056236982e+00
6.004370212554931419e-01 -2.000009536743164729e-01 1.206184000056236938e+00
6.004370212554931419e-01 -2.000009536743164729e-01 1.406184000056236894e+00
6.004370212554931419e-01 -2.000009536743164729e-01 1.606184000056236849e+00
6.004370212554931419e-01 -2.000009536743164729e-01 1.806184000056236805e+00
6.004370212554931419e-01 -2.000009536743164729e-01 2.006184000056236982e+00
6.004370212554931419e-01 -9.536743164617611512e-07 6.061840000562370712e-01
6.004370212554931419e-01 -9.536743164617611512e-07 8.061840000562370268e-01
6.004370212554931419e-01 -9.536743164617611512e-07 1.006184000056236982e+00
6.004370212554931419e-01 -9.536743164617611512e-07 1.206184000056236938e+00
6.004370212554931419e-01 -9.536743164617611512e-07 1.406184000056236894e+00
6.004370212554931419e-01 -9.536743164617611512e-07 1.606184000056236849e+00
6.004370212554931419e-01 -9.536743164617611512e-07 1.806184000056236805e+00
6.004370212554931419e-01 -9.536743164617611512e-07 2.006184000056236982e+00
6.004370212554931419e-01 -9.536743164617611512e-07 2.206184000056237160e+00
6.004370212554931419e-01 1.999990463256835493e-01 6.061840000562370712e-01
6.004370212554931419e-01 1.999990463256835493e-01 8.061840000562370268e-01
6.004370212554931419e-01 1.999990463256835493e-01 1.006184000056236982e+00
6.004370212554931419e-01 1.999990463256835493e-01 1.206184000056236938e+00
6.004370212554931419e-01 1.999990463256835493e-01 1.406184000056236894e+00
6.004370212554931419e-01 1.999990463256835493e-01 1.606184000056236849e+00
6.004370212554931419e-01 1.999990463256835493e-01 1.806184000056236805e+00
6.004370212554931419e-01 1.999990463256835493e-01 2.006184000056236982e+00
6.004370212554931419e-01 3.999990463256835604e-01 8.061840000562370268e-01
6.004370212554931419e-01 3.999990463256835604e-01 1.006184000056236982e+00
6.004370212554931419e-01 3.999990463256835604e-01 1.206184000056236938e+00
6.004370212554931419e-01 3.999990463256835604e-01 1.406184000056236894e+00
6.004370212554931419e-01 3.999990463256835604e-01 1.606184000056236849e+00
6.004370212554931419e-01 3.999990463256835604e-01 1.806184000056236805e+00
6.004370212554931419e-01 5.999990463256835715e-01 1.206184000056236938e+00
8.004370212554932085e-01 -2.000009536743164729e-01 1.006184000056236982e+00
8.004370212554932085e-01 -2.000009536743164729e-01 1.206184000056236938e+00
8.004370212554932085e-01 -2.000009536743164729e-01 1.406184000056236894e+00
8.004370212554932085e-01 -9.536743164617611512e-07 8.061840000562370268e-01
8.004370212554932085e-01 -9.536743164617611512e-07 1.006184000056236982e+00
8.004370212554932085e-01 -9.536743164617611512e-07 1.206184000056236938e+00
8.004370212554932085e-01 -9.536743164617611512e-07 1.406184000056236894e+00
8.004370212554932085e-01 -9.536743164617611512e-07 1.606184000056236849e+00
8.004370212554932085e-01 1.999990463256835493e-01 1.006184000056236982e+00
8.004370212554932085e-01 1.999990463256835493e-01 1.206184000056236938e+00
8.004370212554932085e-01 1.999990463256835493e-01 1.406184000056236894e+00
