-2.659802122914337597e-01 -6.681409809864274907e-02 9.122581775034313001e-01
-2.659802122914337597e-01 -6.681409809864274907e-02 1.062258177503431211e+00
-2.659802122914337597e-01 -6.681409809864274907e-02 1.212258177503431122e+00
-2.659802122914337597e-01 -6.681409809864274907e-02 1.362258177503431034e+00
-2.659802122914337597e-01 8.318590190135724538e-02 1.062258177503431211e+00
-2.659802122914337597e-01 8.318590190135724538e-02 1.212258177503431122e+00
-2.659802122914337597e-01 8.318590190135724538e-02 1.362258177503431034e+00
-1.159802122914337652e-01 -2.168140980986427435e-01 1.062258177503431211e+00
-1.159802122914337652e-01 -2.168140980986427435e-01 1.212258177503431122e+00
-1.159802122914337652e-01 -2.168140980986427435e-01 1.362258177503431034e+00
-1.159802122914337652e-01 -6.681409809864274907e-02 6.122581775034312557e-01
-1.159802122914337652e-01 -6.681409809864274907e-02 7.622581775034312779e-01
-1.159802122914337652e-01 -6.681409809864274907e-02 9.122581775034313001e-01
-1.159802122914337652e-01 -6.681409809864274907e-02 1.062258177503431211e+00
-1.159802122914337652e-01 -6.681409809864274907e-02 1.212258177503431122e+00
-1.159802122914337652e-01 -6.681409809864274907e-02 1.362258177503431034e+00
-1.159802122914337652e-01 -6.681409809864274907e-02 1.512258177503430945e+00
-1.159802122914337652e-01 -6.681409809864274907e-02 1.662258177503430856e+00
-1.159802122914337652e-01 -6.681409809864274907e-02 1.812258177503430767e+00
-1.159802122914337652e-01 8.318590190135724538e-02 6.122581775034312557e-01
-1.159802122914337652e-01 8.318590190135724538e-02 7.622581775034312779e-01
-1.159802122914337652e-01 8.318590190135724538e-02 9.122581775034313001e-01
-1.159802122914337652e-01 8.318590190135724538e-02 1.062258177503431211e+00
-1.159802122914337652e-01 8.318590190135724538e-02 1.212258177503431122e+00
-1.159802122914337652e-01 8.318590190135724538e-02 1.362258177503431034e+00
-1.159802122914337652e-01 8.318590190135724538e-02 1.512258177503430945e+00
-1.159802122914337652e-01 8.318590190135724538e-02 1.662258177503430856e+00
-1.159802122914337652e-01 8.318590190135724538e-02 1.812258177503430767e+00
-1.159802122914337652e-01 2.331859019013572398e-01 1.212258177503431122e+00
3.401978770856622925e-02 -2.168140980986427435e-01 7.622581775034312779e-01
3.401978770856622925e-02 -2.168140980986427435e-01 9.122581775034313001e-01
3.401978770856622925e-02 -2.168140980986427435e-01 1.062258177503431211e+00
3.401978770856622925e-02 -2.168140980986427435e-01 1.212258177503431122e+00
3.401978770856622925e-02 -2.168140980986427435e-01 1.362258177503431034e+00
3.401978770856622925e-02 -2.168140980986427435e-01 1.512258177503430945e+00
3.401978770856622925e-02 -6.681409809864274907e-02 4.622581775034312335e-01
3.401978770856622925e-02 -6.681409809864274907e-02 6.122581775034312557e-01
3.401978770856622925e-02 -6.681409809864274907e-02 7.622581775034312779e-01
3.401978770856622925e-02 -6.681409809864274907e-02 9.122581775034313001e-01
3.401978770856622925e-02 -6.681409809864274907e-02 1.062258177503431211e+00
3.401978770856622925e-02 -6.681409809864274907e-02 1.212258177503431122e+00
3.401978770856622925e-02 -6.681409809864274907e-02 1.362258177503431034e+00
3.401978770856622925e-02 -6.681409809864274907e-02 1.512258177503430945e+00
3.401978770856622925e-02 -6.681409809864274907e-02 1.662258177503430856e+00
3.401978770856622925e-02 -6.681409809864274907e-02 1.812258177503430767e+00
3.401978770856622925e-02 8.318590190135724538e-02 4.622581775034312335e-01
3.401978770856622925e-02 8.318590190135724538e-02 6.122581775034312557e-01
3.401978770856622925e-02 8.318590190135724538e-02 7.622581775034312779e-01
3.401978770856622925e-02 8.318590190135724538e-02 9.122581775034313001e-01
3.401978770856622925e-02 8.318590190135724538e-02 1.062258177503431211e+00
3.401978770856622925e-02 8.318590190135724538e-02 1.212258177503431122e+00
3.401978770856622925e-02 8.318590190135724538e-02 1.362258177503431034e+00
3.401978770856622925e-02 8.318590190135724538e-02 1.512258177503430945e+00
3.401978770856622925e-02 8.318590190135724538e-02 1.662258177503430856e+00
3.401978770856622925e-02 8.318590190135724538e-02 1.812258177503430767e+00
3.401978770856622925e-02 2.331859019013572398e-01 9.122581775034313001e-01
3.401978770856622925e-02 2.331859019013572398e-01 1.062258177503431211e+00
3.401978770856622925e-02 2.331859019013572398e-01 1.212258177503431122e+00
3.401978770856622925e-02 2.331859019013572398e-01 1.362258177503431034e+00
1.840197877085662237e-01 -6.681409809864274907e-02 6.122581775034312557e-01
1.840197877085662237e-01 -6.681409809864274907e-02 7.622581775034312779e-01
1.840197877085662237e-01 -6.681409809864274907e-02 9.122581775034313001e-01
1.840197877085662237e-01 -6.681409809864274907e-02 1.062258177503431211e+00
1.840197877085662237e-01 -6.681409809864274907e-02 1.212258177503431122e+00
1.840197877085662237e-01 -6.681409809864274907e-02 1.362258177503431034e+00
1.840197877085662237e-01 -6.681409809864274907e-02 1.512258177503430945e+00
1.840197877085662237e-01 -6.681409809864274907e-02 1.662258177503430856e+00
1.840197877085662237e-01 8.318590190135724538e-02 7.622581775034312779e-01
1.840197877085662237e-01 8.318590190135724538e-02 9.122581775034313001e-01
1.840197877085662237e-01 8.318590190135724538e-02 1.062258177503431211e+00
1.840197877085662237e-01 8.318590190135724538e-02 1.212258177503431122e+00
1.840197877085662237e-01 8.318590190135724538e-02 1.362258177503431034e+00
1.840197877085662237e-01 8.318590190135724538e-02 1.512258177503430945e+00
1.840197877085662237e-01 8.318590190135724538e-02 1.662258177503430856e+00
