-2.330389022827148438e+00 -6.607720136642457609e-01 6.034453010559083452e+00
-1.930389022827148526e+00 -1.060772013664245783e+00 6.034453010559083452e+00
-1.930389022827148526e+00 -6.607720136642457609e-01 5.634453010559083097e+00
-1.930389022827148526e+00 -6.607720136642457609e-01 6.434453010559083808e+00
-1.930389022827148526e+00 -2.607720136642457387e-01 5.634453010559083097e+00
-1.930389022827148526e+00 -2.607720136642457387e-01 6.034453010559083452e+00
-1.930389022827148526e+00 1.392279863357542835e-01 5.634453010559083097e+00
-1.930389022827148526e+00 1.392279863357542835e-01 6.034453010559083452e+00
-1.930389022827148526e+00 5.392279863357543057e-01 5.634453010559083097e+00
-1.930389022827148526e+00 5.392279863357543057e-01 6.034453010559083452e+00
-1.930389022827148526e+00 9.392279863357543279e-01 6.034453010559083452e+00
-1.530389022827148615e+00 -1.060772013664245783e+00 1.634453010559082209e+00
-1.530389022827148615e+00 -1.060772013664245783e+00 2.034453010559082120e+00
-1.530389022827148615e+00 -1.060772013664245783e+00 2.434453010559082031e+00
-1.530389022827148615e+00 -1.060772013664245783e+00 4.034453010559081676e+00
-1.530389022827148615e+00 -1.060772013664245783e+00 4.434453010559082031e+00
-1.530389022827148615e+00 -1.060772013664245783e+00 5.634453010559083097e+00
-1.530389022827148615e+00 -1.060772013664245783e+00 6.034453010559083452e+00
-1.530389022827148615e+00 -6.607720136642457609e-01 1.634453010559082209e+00
-1.530389022827148615e+00 -6.607720136642457609e-01 2.034453010559082120e+00
-1.530389022827148615e+00 -6.607720136642457609e-01 2.434453010559082031e+00
-1.530389022827148615e+00 -6.607720136642457609e-01 4.034453010559081676e+00
-1.530389022827148615e+00 -6.607720136642457609e-01 4.434453010559082031e+00
-1.530389022827148615e+00 -6.607720136642457609e-01 4.834453010559082387e+00
-1.530389022827148615e+00 -6.607720136642457609e-01 5.234453010559082742e+00
-1.530389022827148615e+00 -6.607720136642457609e-01 6.434453010559083808e+00
-1.530389022827148615e+00 -2.607720136642457387e-01 1.634453010559082209e+00
-1.530389022827148615e+00 -2.607720136642457387e-01 2.034453010559082120e+00
-1.530389022827148615e+00 -2.607720136642457387e-01 2.434453010559082031e+00
-1.530389022827148615e+00 -2.607720136642457387e-01 4.834453010559082387e+00
-1.530389022827148615e+00 -2.607720136642457387e-01 5.234453010559082742e+00
-1.530389022827148615e+00 -2.607720136642457387e-01 6.434453010559083808e+00
-1.530389022827148615e+00 1.392279863357542835e-01 1.634453010559082209e+00
-1.530389022827148615e+00 1.392279863357542835e-01 2.034453010559082120e+00
-1.530389022827148615e+00 1.392279863357542835e-01 2.434453010559082031e+00
-1.530389022827148615e+00 1.392279863357542835e-01 4.834453010559082387e+00
-1.530389022827148615e+00 1.392279863357542835e-01 5.234453010559082742e+00
-1.530389022827148615e+00 1.392279863357542835e-01 6.434453010559083808e+00
-1.530389022827148615e+00 5.392279863357543057e-01 1.634453010559082209e+00
-1.530389022827148615e+00 5.392279863357543057e-01 2.034453010559082120e+00
-1.530389022827148615e+00 5.392279863357543057e-01 2.434453010559082031e+00
-1.530389022827148615e+00 5.392279863357543057e-01 4.034453010559081676e+00
-1.530389022827148615e+00 5.392279863357543057e-01 4.434453010559082031e+00
-1.530389022827148615e+00 5.392279863357543057e-01 4.834453010559082387e+00
-1.530389022827148615e+00 5.392279863357543057e-01 5.234453010559082742e+00
-1.530389022827148615e+00 5.392279863357543057e-01 6.434453010559083808e+00
-1.530389022827148615e+00 9.392279863357543279e-01 1.634453010559082209e+00
-1.530389022827148615e+00 9.392279863357543279e-01 2.034453010559082120e+00
-1.530389022827148615e+00 9.392279863357543279e-01 2.434453010559082031e+00
-1.530389022827148615e+00 9.392279863357543279e-01 4.034453010559081676e+00
-1.530389022827148615e+00 9.392279863357543279e-01 4.434453010559082031e+00
-1.530389022827148615e+00 9.392279863357543279e-01 5.634453010559083097e+00
-1.530389022827148615e+00 9.392279863357543279e-01 6.034453010559083452e+00
-1.130389022827148704e+00 -1.460772013664245694e+00 1.634453010559082209e+00
-1.130389022827148704e+00 -1.460772013664245694e+00 2.034453010559082120e+00
-1.130389022827148704e+00 -1.460772013664245694e+00 2.434453010559082031e+00
-1.130389022827148704e+00 -1.060772013664245783e+00 1.234453010559082076e+00
-1.130389022827148704e+00 -1.060772013664245783e+00 2.834453010559081942e+00
-1.130389022827148704e+00 -1.060772013664245783e+00 4.034453010559081676e+00
-1.130389022827148704e+00 -1.060772013664245783e+00 4.434453010559082031e+00
-1.130389022827148704e+00 -1.060772013664245783e+00 4.834453010559082387e+00
-1.130389022827148704e+00 -1.060772013664245783e+00 5.234453010559082742e+00
-1.130389022827148704e+00 -1.060772013664245783e+00 5.634453010559083097e+00
-1.130389022827148704e+00 -1.060772013664245783e+00 6.034453010559083452e+00
-1.130389022827148704e+00 -6.607720136642457609e-01 1.234453010559082076e+00
-1.130389022827148704e+00 -6.607720136642457609e-01 2.834453010559081942e+00
-1.130389022827148704e+00 -6.607720136642457609e-01 3.234453010559081854e+00
-1.130389022827148704e+00 -6.607720136642457609e-01 3.634453010559081765e+00
-1.130389022827148704e+00 -6.607720136642457609e-01 6.434453010559083808e+00
-1.130389022827148704e+00 -2.607720136642457387e-01 1.234453010559082076e+00
-1.130389022827148704e+00 -2.607720136642457387e-01 2.834453010559081942e+00
-1.130389022827148704e+00 -2.607720136642457387e-01 3.234453010559081854e+00
-1.130389022827148704e+00 -2.607720136642457387e-01 3.634453010559081765e+00
-1.130389022827148704e+00 -2.607720136642457387e-01 4.034453010559081676e+00
-1.130389022827148704e+00 -2.607720136642457387e-01 4.434453010559082031e+00
-1.130389022827148704e+00 -2.607720136642457387e-01 6.434453010559083808e+00
-1.130389022827148704e+00 1.392279863357542835e-01 1.234453010559082076e+00
-1.130389022827148704e+00 1.392279863357542835e-01 2.834453010559081942e+00
-1.130389022827148704e+00 1.392279863357542835e-01 3.234453010559081854e+00
-1.130389022827148704e+00 1.392279863357542835e-01 3.634453010559081765e+00
-1.130389022827148704e+00 1.392279863357542835e-01 4.034453010559081676e+00
-1.130389022827148704e+00 1.392279863357542835e-01 4.434453010559082031e+00
-1.130389022827148704e+00 1.392279863357542835e-01 6.434453010559083808e+00
-1.130389022827148704e+00 5.392279863357543057e-01 1.234453010559082076e+00
-1.130389022827148704e+00 5.392279863357543057e-01 2.834453010559081942e+00
-1.130389022827148704e+00 5.392279863357543057e-01 3.234453010559081854e+00
-1.130389022827148704e+00 5.392279863357543057e-01 3.634453010559081765e+00
-1.130389022827148704e+00 5.392279863357543057e-01 4.034453010559081676e+00
-1.130389022827148704e+00 5.392279863357543057e-01 6.434453010559083808e+00
-1.130389022827148704e+00 9.392279863357543279e-01 1.234453010559082076e+00
-1.130389022827148704e+00 9.392279863357543279e-01 2.834453010559081942e+00
-1.130389022827148704e+00 9.392279863357543279e-01 3.234453010559081854e+00
-1.130389022827148704e+00 9.392279863357543279e-01 4.034453010559081676e+00
-1.130389022827148704e+00 9.392279863357543279e-01 4.434453010559082031e+00
-1.130389022827148704e+00 9.392279863357543279e-01 4.834453010559082387e+00
-1.130389022827148704e+00 9.392279863357543279e-01 5.234453010559082742e+00
-1.130389022827148704e+00 9.392279863357543279e-01 5.634453010559083097e+00
-1.130389022827148704e+00 9.392279863357543279e-01 6.034453010559083452e+00
-1.130389022827148704e+00 1.339227986335754350e+00 1.634453010559082209e+00
-1.130389022827148704e+00 1.339227986335754350e+00 2.034453010559082120e+00
-1.130389022827148704e+00 1.339227986335754350e+00 2.434453010559082031e+00
-7.303890228271486817e-01 -1.860772013664245605e+00 2.034453010559082120e+00
-7.303890228271486817e-01 -1.860772013664245605e+00 2.434453010559082031e+00
-7.303890228271486817e-01 -1.460772013664245694e+00 1.234453010559082076e+00
-7.303890228271486817e-01 -1.460772013664245694e+00 1.634453010559082209e+00
-7.303890228271486817e-01 -1.460772013664245694e+00 2.834453010559081942e+00
-7.303890228271486817e-01 -1.060772013664245783e+00 8.344530105590820535e-01
-7.303890228271486817e-01 -1.060772013664245783e+00 3.234453010559081854e+00
-7.303890228271486817e-01 -1.060772013664245783e+00 3.634453010559081765e+00
-7.303890228271486817e-01 -1.060772013664245783e+00 4.034453010559081676e+00
-7.303890228271486817e-01 -1.060772013664245783e+00 4.434453010559082031e+00
-7.303890228271486817e-01 -1.060772013664245783e+00 4.834453010559082387e+00
-7.303890228271486817e-01 -1.060772013664245783e+00 5.234453010559082742e+00
-7.303890228271486817e-01 -1.060772013664245783e+00 5.634453010559083097e+00
-7.303890228271486817e-01 -6.607720136642457609e-01 8.344530105590820535e-01
-7.303890228271486817e-01 -6.607720136642457609e-01 6.034453010559083452e+00
-7.303890228271486817e-01 -2.607720136642457387e-01 8.344530105590820535e-01
-7.303890228271486817e-01 -2.607720136642457387e-01 6.034453010559083452e+00
-7.303890228271486817e-01 -2.607720136642457387e-01 6.434453010559083808e+00
-7.303890228271486817e-01 1.392279863357542835e-01 8.344530105590820535e-01
-7.303890228271486817e-01 5.392279863357543057e-01 8.344530105590820535e-01
-7.303890228271486817e-01 5.392279863357543057e-01 6.034453010559083452e+00
-7.303890228271486817e-01 5.392279863357543057e-01 6.434453010559083808e+00
-7.303890228271486817e-01 9.392279863357543279e-01 8.344530105590820535e-01
-7.303890228271486817e-01 9.392279863357543279e-01 3.634453010559081765e+00
-7.303890228271486817e-01 9.392279863357543279e-01 4.034453010559081676e+00
-7.303890228271486817e-01 9.392279863357543279e-01 4.434453010559082031e+00
-7.303890228271486817e-01 9.392279863357543279e-01 4.834453010559082387e+00
-7.303890228271486817e-01 9.392279863357543279e-01 5.234453010559082742e+00
-7.303890228271486817e-01 9.392279863357543279e-01 5.634453010559083097e+00
-7.303890228271486817e-01 1.339227986335754350e+00 1.234453010559082076e+00
-7.303890228271486817e-01 1.339227986335754350e+00 2.834453010559081942e+00
-7.303890228271486817e-01 1.339227986335754350e+00 3.234453010559081854e+00
-7.303890228271486817e-01 1.739227986335754483e+00 1.634453010559082209e+00
-7.303890228271486817e-01 1.739227986335754483e+00 2.034453010559082120e+00
-7.303890228271486817e-01 1.739227986335754483e+00 2.434453010559082031e+00
-3.303890228271486595e-01 -1.860772013664245605e+00 2.034453010559082120e+00
-3.303890228271486595e-01 -1.860772013664245605e+00 2.434453010559082031e+00
-3.303890228271486595e-01 -1.860772013664245605e+00 2.834453010559081942e+00
-3.303890228271486595e-01 -1.460772013664245694e+00 1.234453010559082076e+00
-3.303890228271486595e-01 -1.460772013664245694e+00 1.634453010559082209e+00
-3.303890228271486595e-01 -1.460772013664245694e+00 3.234453010559081854e+00
-3.303890228271486595e-01 -1.460772013664245694e+00 3.634453010559081765e+00
-3.303890228271486595e-01 -1.060772013664245783e+00 8.344530105590820535e-01
-3.303890228271486595e-01 -1.060772013664245783e+00 4.034453010559081676e+00
-3.303890228271486595e-01 -1.060772013664245783e+00 4.434453010559082031e+00
-3.303890228271486595e-01 -1.060772013664245783e+00 4.834453010559082387e+00
-3.303890228271486595e-01 -6.607720136642457609e-01 8.344530105590820535e-01
-3.303890228271486595e-01 -6.607720136642457609e-01 5.234453010559082742e+00
-3.303890228271486595e-01 -6.607720136642457609e-01 5.634453010559083097e+00
-3.303890228271486595e-01 -2.607720136642457387e-01 4.344530105590820312e-01
-3.303890228271486595e-01 -2.607720136642457387e-01 5.234453010559082742e+00
-3.303890228271486595e-01 -2.607720136642457387e-01 5.634453010559083097e+00
-3.303890228271486595e-01 1.392279863357542835e-01 4.344530105590820312e-01
-3.303890228271486595e-01 1.392279863357542835e-01 5.234453010559082742e+00
-3.303890228271486595e-01 1.392279863357542835e-01 5.634453010559083097e+00
-3.303890228271486595e-01 1.392279863357542835e-01 6.034453010559083452e+00
-3.303890228271486595e-01 1.392279863357542835e-01 6.434453010559083808e+00
-3.303890228271486595e-01 5.392279863357543057e-01 4.344530105590820312e-01
-3.303890228271486595e-01 5.392279863357543057e-01 5.234453010559082742e+00
-3.303890228271486595e-01 5.392279863357543057e-01 5.634453010559083097e+00
-3.303890228271486595e-01 9.392279863357543279e-01 8.344530105590820535e-01
-3.303890228271486595e-01 9.392279863357543279e-01 4.834453010559082387e+00
-3.303890228271486595e-01 1.339227986335754350e+00 1.234453010559082076e+00
-3.303890228271486595e-01 1.339227986335754350e+00 1.634453010559082209e+00
-3.303890228271486595e-01 1.339227986335754350e+00 3.634453010559081765e+00
-3.303890228271486595e-01 1.339227986335754350e+00 4.034453010559081676e+00
-3.303890228271486595e-01 1.339227986335754350e+00 4.434453010559082031e+00
-3.303890228271486595e-01 1.739227986335754483e+00 2.034453010559082120e+00
-3.303890228271486595e-01 1.739227986335754483e+00 2.434453010559082031e+00
-3.303890228271486595e-01 1.739227986335754483e+00 2.834453010559081942e+00
-3.303890228271486595e-01 1.739227986335754483e+00 3.234453010559081854e+00
6.961097717285136266e-02 -1.860772013664245605e+00 2.434453010559082031e+00
6.961097717285136266e-02 -1.860772013664245605e+00 2.834453010559081942e+00
6.961097717285136266e-02 -1.460772013664245694e+00 1.634453010559082209e+00
6.961097717285136266e-02 -1.460772013664245694e+00 2.034453010559082120e+00
6.961097717285136266e-02 -1.460772013664245694e+00 3.234453010559081854e+00
6.961097717285136266e-02 -1.460772013664245694e+00 3.634453010559081765e+00
6.961097717285136266e-02 -1.460772013664245694e+00 4.034453010559081676e+00
6.961097717285136266e-02 -1.060772013664245783e+00 1.234453010559082076e+00
6.961097717285136266e-02 -1.060772013664245783e+00 4.434453010559082031e+00
6.961097717285136266e-02 -1.060772013664245783e+00 4.834453010559082387e+00
6.961097717285136266e-02 -6.607720136642457609e-01 8.344530105590820535e-01
6.961097717285136266e-02 -6.607720136642457609e-01 5.234453010559082742e+00
6.961097717285136266e-02 -2.607720136642457387e-01 4.344530105590820312e-01
6.961097717285136266e-02 -2.607720136642457387e-01 5.234453010559082742e+00
6.961097717285136266e-02 1.392279863357542835e-01 4.344530105590820312e-01
6.961097717285136266e-02 1.392279863357542835e-01 5.234453010559082742e+00
6.961097717285136266e-02 5.392279863357543057e-01 8.344530105590820535e-01
6.961097717285136266e-02 5.392279863357543057e-01 5.234453010559082742e+00
6.961097717285136266e-02 9.392279863357543279e-01 1.234453010559082076e+00
6.961097717285136266e-02 9.392279863357543279e-01 4.834453010559082387e+00
6.961097717285136266e-02 1.339227986335754350e+00 1.634453010559082209e+00
6.961097717285136266e-02 1.339227986335754350e+00 3.634453010559081765e+00
6.961097717285136266e-02 1.339227986335754350e+00 4.034453010559081676e+00
6.961097717285136266e-02 1.339227986335754350e+00 4.434453010559082031e+00
6.961097717285136266e-02 1.739227986335754483e+00 2.034453010559082120e+00
6.961097717285136266e-02 1.739227986335754483e+00 2.434453010559082031e+00
6.961097717285136266e-02 1.739227986335754483e+00 2.834453010559081942e+00
6.961097717285136266e-02 1.739227986335754483e+00 3.234453010559081854e+00
4.696109771728513849e-01 -1.460772013664245694e+00 2.034453010559082120e+00
4.696109771728513849e-01 -1.460772013664245694e+00 2.434453010559082031e+00
4.696109771728513849e-01 -1.460772013664245694e+00 2.834453010559081942e+00
4.696109771728513849e-01 -1.460772013664245694e+00 3.234453010559081854e+00
4.696109771728513849e-01 -1.460772013664245694e+00 3.634453010559081765e+00
4.696109771728513849e-01 -1.460772013664245694e+00 4.034453010559081676e+00
4.696109771728513849e-01 -1.460772013664245694e+00 4.434453010559082031e+00
4.696109771728513849e-01 -1.060772013664245783e+00 1.634453010559082209e+00
4.696109771728513849e-01 -1.060772013664245783e+00 4.834453010559082387e+00
4.696109771728513849e-01 -6.607720136642457609e-01 1.234453010559082076e+00
4.696109771728513849e-01 -6.607720136642457609e-01 5.234453010559082742e+00
4.696109771728513849e-01 -2.607720136642457387e-01 8.344530105590820535e-01
4.696109771728513849e-01 -2.607720136642457387e-01 1.234453010559082076e+00
4.696109771728513849e-01 -2.607720136642457387e-01 5.234453010559082742e+00
4.696109771728513849e-01 1.392279863357542835e-01 8.344530105590820535e-01
4.696109771728513849e-01 1.392279863357542835e-01 5.234453010559082742e+00
4.696109771728513849e-01 5.392279863357543057e-01 1.234453010559082076e+00
4.696109771728513849e-01 5.392279863357543057e-01 5.234453010559082742e+00
4.696109771728513849e-01 9.392279863357543279e-01 1.234453010559082076e+00
4.696109771728513849e-01 9.392279863357543279e-01 4.834453010559082387e+00
4.696109771728513849e-01 1.339227986335754350e+00 1.634453010559082209e+00
4.696109771728513849e-01 1.339227986335754350e+00 2.034453010559082120e+00
4.696109771728513849e-01 1.339227986335754350e+00 2.434453010559082031e+00
4.696109771728513849e-01 1.339227986335754350e+00 4.034453010559081676e+00
4.696109771728513849e-01 1.339227986335754350e+00 4.434453010559082031e+00
4.696109771728513849e-01 1.739227986335754483e+00 2.834453010559081942e+00
4.696109771728513849e-01 1.739227986335754483e+00 3.234453010559081854e+00
4.696109771728513849e-01 1.739227986335754483e+00 3.634453010559081765e+00
8.696109771728514071e-01 -1.460772013664245694e+00 2.434453010559082031e+00
8.696109771728514071e-01 -1.460772013664245694e+00 2.834453010559081942e+00
8.696109771728514071e-01 -1.460772013664245694e+00 3.234453010559081854e+00
8.696109771728514071e-01 -1.460772013664245694e+00 3.634453010559081765e+00
8.696109771728514071e-01 -1.460772013664245694e+00 4.034453010559081676e+00
8.696109771728514071e-01 -1.460772013664245694e+00 4.434453010559082031e+00
8.696109771728514071e-01 -1.060772013664245783e+00 2.034453010559082120e+00
8.696109771728514071e-01 -1.060772013664245783e+00 4.834453010559082387e+00
8.696109771728514071e-01 -6.607720136642457609e-01 1.634453010559082209e+00
8.696109771728514071e-01 -6.607720136642457609e-01 5.234453010559082742e+00
8.696109771728514071e-01 -2.607720136642457387e-01 1.634453010559082209e+00
8.696109771728514071e-01 -2.607720136642457387e-01 5.234453010559082742e+00
8.696109771728514071e-01 1.392279863357542835e-01 1.234453010559082076e+00
8.696109771728514071e-01 1.392279863357542835e-01 1.634453010559082209e+00
8.696109771728514071e-01 1.392279863357542835e-01 5.234453010559082742e+00
8.696109771728514071e-01 5.392279863357543057e-01 1.634453010559082209e+00
8.696109771728514071e-01 5.392279863357543057e-01 5.234453010559082742e+00
8.696109771728514071e-01 9.392279863357543279e-01 1.634453010559082209e+00
8.696109771728514071e-01 9.392279863357543279e-01 2.034453010559082120e+00
8.696109771728514071e-01 9.392279863357543279e-01 4.834453010559082387e+00
8.696109771728514071e-01 1.339227986335754350e+00 2.434453010559082031e+00
8.696109771728514071e-01 1.339227986335754350e+00 2.834453010559081942e+00
8.696109771728514071e-01 1.339227986335754350e+00 3.234453010559081854e+00
8.696109771728514071e-01 1.339227986335754350e+00 3.634453010559081765e+00
8.696109771728514071e-01 1.339227986335754350e+00 4.034453010559081676e+00
8.696109771728514071e-01 1.339227986335754350e+00 4.434453010559082031e+00
1.269610977172851429e+00 -1.460772013664245694e+00 3.234453010559081854e+00
1.269610977172851429e+00 -1.460772013664245694e+00 3.634453010559081765e+00
1.269610977172851429e+00 -1.460772013664245694e+00 4.034453010559081676e+00
1.269610977172851429e+00 -1.460772013664245694e+00 4.434453010559082031e+00
1.269610977172851429e+00 -1.060772013664245783e+00 2.434453010559082031e+00
1.269610977172851429e+00 -1.060772013664245783e+00 2.834453010559081942e+00
1.269610977172851429e+00 -1.060772013664245783e+00 4.834453010559082387e+00
1.269610977172851429e+00 -6.607720136642457609e-01 2.034453010559082120e+00
1.269610977172851429e+00 -6.607720136642457609e-01 2.434453010559082031e+00
1.269610977172851429e+00 -6.607720136642457609e-01 4.834453010559082387e+00
1.269610977172851429e+00 -2.607720136642457387e-01 2.034453010559082120e+00
1.269610977172851429e+00 -2.607720136642457387e-01 2.434453010559082031e+00
1.269610977172851429e+00 -2.607720136642457387e-01 5.234453010559082742e+00
1.269610977172851429e+00 1.392279863357542835e-01 2.034453010559082120e+00
1.269610977172851429e+00 1.392279863357542835e-01 2.434453010559082031e+00
1.269610977172851429e+00 1.392279863357542835e-01 5.234453010559082742e+00
1.269610977172851429e+00 5.392279863357543057e-01 2.034453010559082120e+00
1.269610977172851429e+00 5.392279863357543057e-01 2.434453010559082031e+00
1.269610977172851429e+00 5.392279863357543057e-01 5.234453010559082742e+00
1.269610977172851429e+00 9.392279863357543279e-01 2.434453010559082031e+00
1.269610977172851429e+00 9.392279863357543279e-01 2.834453010559081942e+00
1.269610977172851429e+00 9.392279863357543279e-01 4.834453010559082387e+00
1.269610977172851429e+00 1.339227986335754350e+00 3.234453010559081854e+00
1.269610977172851429e+00 1.339227986335754350e+00 3.634453010559081765e+00
1.269610977172851429e+00 1.339227986335754350e+00 4.034453010559081676e+00
1.269610977172851429e+00 1.339227986335754350e+00 4.434453010559082031e+00
1.669610977172851562e+00 -1.460772013664245694e+00 3.634453010559081765e+00
1.669610977172851562e+00 -1.460772013664245694e+00 4.034453010559081676e+00
1.669610977172851562e+00 -1.060772013664245783e+00 3.234453010559081854e+00
1.669610977172851562e+00 -1.060772013664245783e+00 4.434453010559082031e+00
1.669610977172851562e+00 -6.607720136642457609e-01 2.834453010559081942e+00
1.669610977172851562e+00 -6.607720136642457609e-01 4.834453010559082387e+00
1.669610977172851562e+00 -2.607720136642457387e-01 2.834453010559081942e+00
1.669610977172851562e+00 -2.607720136642457387e-01 4.834453010559082387e+00
1.669610977172851562e+00 1.392279863357542835e-01 2.834453010559081942e+00
1.669610977172851562e+00 1.392279863357542835e-01 4.834453010559082387e+00
1.669610977172851562e+00 5.392279863357543057e-01 2.834453010559081942e+00
1.669610977172851562e+00 5.392279863357543057e-01 4.834453010559082387e+00
1.669610977172851562e+00 9.392279863357543279e-01 3.234453010559081854e+00
1.669610977172851562e+00 9.392279863357543279e-01 4.834453010559082387e+00
1.669610977172851562e+00 1.339227986335754350e+00 3.634453010559081765e+00
1.669610977172851562e+00 1.339227986335754350e+00 4.034453010559081676e+00
1.669610977172851562e+00 1.339227986335754350e+00 4.434453010559082031e+00
2.069610977172851474e+00 -1.060772013664245783e+00 3.634453010559081765e+00
2.069610977172851474e+00 -1.060772013664245783e+00 4.034453010559081676e+00
2.069610977172851474e+00 -1.060772013664245783e+00 4.434453010559082031e+00
2.069610977172851474e+00 -6.607720136642457609e-01 3.234453010559081854e+00
2.069610977172851474e+00 -6.607720136642457609e-01 4.834453010559082387e+00
2.069610977172851474e+00 -2.607720136642457387e-01 3.234453010559081854e+00
2.069610977172851474e+00 -2.607720136642457387e-01 3.634453010559081765e+00
2.069610977172851474e+00 -2.607720136642457387e-01 4.834453010559082387e+00
2.069610977172851474e+00 1.392279863357542835e-01 3.234453010559081854e+00
2.069610977172851474e+00 1.392279863357542835e-01 3.634453010559081765e+00
2.069610977172851474e+00 1.392279863357542835e-01 4.834453010559082387e+00
2.069610977172851474e+00 5.392279863357543057e-01 3.234453010559081854e+00
2.069610977172851474e+00 5.392279863357543057e-01 4.834453010559082387e+00
2.069610977172851474e+00 9.392279863357543279e-01 3.234453010559081854e+00
2.069610977172851474e+00 9.392279863357543279e-01 4.434453010559082031e+00
2.069610977172851474e+00 1.339227986335754350e+00 3.634453010559081765e+00
2.069610977172851474e+00 1.339227986335754350e+00 4.034453010559081676e+00
2.469610977172851385e+00 -1.060772013664245783e+00 3.634453010559081765e+00
2.469610977172851385e+00 -1.060772013664245783e+00 4.034453010559081676e+00
2.469610977172851385e+00 -6.607720136642457609e-01 3.634453010559081765e+00
2.469610977172851385e+00 -6.607720136642457609e-01 4.034453010559081676e+00
2.469610977172851385e+00 -6.607720136642457609e-01 4.434453010559082031e+00
2.469610977172851385e+00 -2.607720136642457387e-01 4.034453010559081676e+00
2.469610977172851385e+00 -2.607720136642457387e-01 4.434453010559082031e+00
2.469610977172851385e+00 1.392279863357542835e-01 4.034453010559081676e+00
2.469610977172851385e+00 1.392279863357542835e-01 4.434453010559082031e+00
2.469610977172851385e+00 5.392279863357543057e-01 3.634453010559081765e+00
2.469610977172851385e+00 5.392279863357543057e-01 4.034453010559081676e+00
2.469610977172851385e+00 5.392279863357543057e-01 4.434453010559082031e+00
2.469610977172851385e+00 9.392279863357543279e-01 3.634453010559081765e+00
2.469610977172851385e+00 9.392279863357543279e-01 4.434453010559082031e+00
2.469610977172851385e+00 1.339227986335754350e+00 4.034453010559081676e+00
2.869610977172851296e+00 -1.060772013664245783e+00 4.034453010559081676e+00
2.869610977172851296e+00 -6.607720136642457609e-01 4.034453010559081676e+00
2.869610977172851296e+00 5.392279863357543057e-01 4.034453010559081676e+00
2.869610977172851296e+00 9.392279863357543279e-01 3.634453010559081765e+00
2.869610977172851296e+00 9.392279863357543279e-01 4.434453010559082031e+00
2.869610977172851296e+00 1.339227986335754350e+00 4.034453010559081676e+00
3.269610977172851207e+00 9.392279863357543279e-01 4.034453010559081676e+00
