-1.221198465505671571e+00 -3.623110745215131767e-01 5.534443828691657075e+00
-1.221198465505671571e+00 -3.623110745215131767e-01 5.734443828691657252e+00
-1.221198465505671571e+00 -1.623110745215131656e-01 5.734443828691657252e+00
-1.221198465505671571e+00 -1.623110745215131656e-01 5.934443828691657430e+00
-1.221198465505671571e+00 3.768892547848684549e-02 5.734443828691657252e+00
-1.221198465505671571e+00 3.768892547848684549e-02 5.934443828691657430e+00
-1.221198465505671571e+00 2.376889254784868566e-01 5.734443828691657252e+00
-1.221198465505671571e+00 2.376889254784868566e-01 5.934443828691657430e+00
-1.221198465505671571e+00 4.376889254784868677e-01 5.534443828691657075e+00
-1.221198465505671571e+00 4.376889254784868677e-01 5.734443828691657252e+00
-1.021198465505671615e+00 -7.623110745215131434e-01 1.934443828691653877e+00
-1.021198465505671615e+00 -5.623110745215131878e-01 1.934443828691653877e+00
-1.021198465505671615e+00 -5.623110745215131878e-01 2.134443828691654055e+00
-1.021198465505671615e+00 -3.623110745215131767e-01 1.934443828691653877e+00
-1.021198465505671615e+00 -3.623110745215131767e-01 2.134443828691654055e+00
-1.021198465505671615e+00 -3.623110745215131767e-01 5.134443828691656719e+00
-1.021198465505671615e+00 -3.623110745215131767e-01 5.334443828691656897e+00
-1.021198465505671615e+00 -3.623110745215131767e-01 5.534443828691657075e+00
-1.021198465505671615e+00 -1.623110745215131656e-01 1.934443828691653877e+00
-1.021198465505671615e+00 -1.623110745215131656e-01 2.134443828691654055e+00
-1.021198465505671615e+00 -1.623110745215131656e-01 5.134443828691656719e+00
-1.021198465505671615e+00 -1.623110745215131656e-01 5.334443828691656897e+00
-1.021198465505671615e+00 -1.623110745215131656e-01 5.534443828691657075e+00
-1.021198465505671615e+00 3.768892547848684549e-02 1.934443828691653877e+00
-1.021198465505671615e+00 3.768892547848684549e-02 2.134443828691654055e+00
-1.021198465505671615e+00 3.768892547848684549e-02 5.134443828691656719e+00
-1.021198465505671615e+00 3.768892547848684549e-02 5.334443828691656897e+00
-1.021198465505671615e+00 3.768892547848684549e-02 5.534443828691657075e+00
-1.021198465505671615e+00 2.376889254784868566e-01 1.934443828691653877e+00
-1.021198465505671615e+00 2.376889254784868566e-01 2.134443828691654055e+00
-1.021198465505671615e+00 2.376889254784868566e-01 5.134443828691656719e+00
-1.021198465505671615e+00 2.376889254784868566e-01 5.334443828691656897e+00
-1.021198465505671615e+00 2.376889254784868566e-01 5.534443828691657075e+00
-1.021198465505671615e+00 4.376889254784868677e-01 1.934443828691653877e+00
-1.021198465505671615e+00 4.376889254784868677e-01 2.134443828691654055e+00
-1.021198465505671615e+00 4.376889254784868677e-01 5.134443828691656719e+00
-1.021198465505671615e+00 4.376889254784868677e-01 5.334443828691656897e+00
-1.021198465505671615e+00 4.376889254784868677e-01 5.534443828691657075e+00
-1.021198465505671615e+00 6.376889254784868788e-01 1.934443828691653877e+00
-1.021198465505671615e+00 6.376889254784868788e-01 2.134443828691654055e+00
-1.021198465505671615e+00 8.376889254784869454e-01 1.934443828691653877e+00
-8.211984655056716598e-01 -9.623110745215130990e-01 1.934443828691653877e+00
-8.211984655056716598e-01 -9.623110745215130990e-01 2.134443828691654055e+00
-8.211984655056716598e-01 -9.623110745215130990e-01 2.334443828691654232e+00
-8.211984655056716598e-01 -7.623110745215131434e-01 1.934443828691653877e+00
-8.211984655056716598e-01 -7.623110745215131434e-01 2.134443828691654055e+00
-8.211984655056716598e-01 -7.623110745215131434e-01 2.334443828691654232e+00
-8.211984655056716598e-01 -5.623110745215131878e-01 1.934443828691653877e+00
-8.211984655056716598e-01 -5.623110745215131878e-01 2.134443828691654055e+00
-8.211984655056716598e-01 -5.623110745215131878e-01 2.334443828691654232e+00
-8.211984655056716598e-01 -5.623110745215131878e-01 2.534443828691654410e+00
-8.211984655056716598e-01 -3.623110745215131767e-01 1.934443828691653877e+00
-8.211984655056716598e-01 -3.623110745215131767e-01 2.134443828691654055e+00
-8.211984655056716598e-01 -3.623110745215131767e-01 2.334443828691654232e+00
-8.211984655056716598e-01 -3.623110745215131767e-01 2.534443828691654410e+00
-8.211984655056716598e-01 -3.623110745215131767e-01 4.934443828691656542e+00
-8.211984655056716598e-01 -3.623110745215131767e-01 5.134443828691656719e+00
-8.211984655056716598e-01 -1.623110745215131656e-01 1.934443828691653877e+00
-8.211984655056716598e-01 -1.623110745215131656e-01 2.134443828691654055e+00
-8.211984655056716598e-01 -1.623110745215131656e-01 2.334443828691654232e+00
-8.211984655056716598e-01 -1.623110745215131656e-01 2.534443828691654410e+00
-8.211984655056716598e-01 -1.623110745215131656e-01 4.934443828691656542e+00
-8.211984655056716598e-01 -1.623110745215131656e-01 5.134443828691656719e+00
-8.211984655056716598e-01 3.768892547848684549e-02 1.934443828691653877e+00
-8.211984655056716598e-01 3.768892547848684549e-02 2.134443828691654055e+00
-8.211984655056716598e-01 3.768892547848684549e-02 2.334443828691654232e+00
-8.211984655056716598e-01 3.768892547848684549e-02 2.534443828691654410e+00
-8.211984655056716598e-01 3.768892547848684549e-02 4.934443828691656542e+00
-8.211984655056716598e-01 3.768892547848684549e-02 5.134443828691656719e+00
-8.211984655056716598e-01 2.376889254784868566e-01 1.934443828691653877e+00
-8.211984655056716598e-01 2.376889254784868566e-01 2.134443828691654055e+00
-8.211984655056716598e-01 2.376889254784868566e-01 2.334443828691654232e+00
-8.211984655056716598e-01 2.376889254784868566e-01 2.534443828691654410e+00
-8.211984655056716598e-01 2.376889254784868566e-01 4.934443828691656542e+00
-8.211984655056716598e-01 2.376889254784868566e-01 5.134443828691656719e+00
-8.211984655056716598e-01 4.376889254784868677e-01 1.934443828691653877e+00
-8.211984655056716598e-01 4.376889254784868677e-01 2.134443828691654055e+00
-8.211984655056716598e-01 4.376889254784868677e-01 2.334443828691654232e+00
-8.211984655056716598e-01 4.376889254784868677e-01 2.534443828691654410e+00
-8.211984655056716598e-01 4.376889254784868677e-01 4.734443828691656364e+00
-8.211984655056716598e-01 4.376889254784868677e-01 4.934443828691656542e+00
-8.211984655056716598e-01 4.376889254784868677e-01 5.134443828691656719e+00
-8.211984655056716598e-01 6.376889254784868788e-01 1.934443828691653877e+00
-8.211984655056716598e-01 6.376889254784868788e-01 2.134443828691654055e+00
-8.211984655056716598e-01 6.376889254784868788e-01 2.334443828691654232e+00
-8.211984655056716598e-01 6.376889254784868788e-01 2.534443828691654410e+00
-8.211984655056716598e-01 8.376889254784869454e-01 1.934443828691653877e+00
-8.211984655056716598e-01 8.376889254784869454e-01 2.134443828691654055e+00
-8.211984655056716598e-01 8.376889254784869454e-01 2.334443828691654232e+00
-8.211984655056716598e-01 1.037688925478486901e+00 1.934443828691653877e+00
-8.211984655056716598e-01 1.037688925478486901e+00 2.134443828691654055e+00
-6.211984655056717042e-01 -1.162311074521513055e+00 2.134443828691654055e+00
-6.211984655056717042e-01 -1.162311074521513055e+00 2.334443828691654232e+00
-6.211984655056717042e-01 -9.623110745215130990e-01 1.734443828691653922e+00
-6.211984655056717042e-01 -9.623110745215130990e-01 1.934443828691653877e+00
-6.211984655056717042e-01 -9.623110745215130990e-01 2.134443828691654055e+00
-6.211984655056717042e-01 -9.623110745215130990e-01 2.334443828691654232e+00
-6.211984655056717042e-01 -9.623110745215130990e-01 2.534443828691654410e+00
-6.211984655056717042e-01 -7.623110745215131434e-01 1.734443828691653922e+00
-6.211984655056717042e-01 -7.623110745215131434e-01 1.934443828691653877e+00
-6.211984655056717042e-01 -7.623110745215131434e-01 2.134443828691654055e+00
-6.211984655056717042e-01 -7.623110745215131434e-01 2.334443828691654232e+00
-6.211984655056717042e-01 -7.623110745215131434e-01 2.534443828691654410e+00
-6.211984655056717042e-01 -7.623110745215131434e-01 2.734443828691654588e+00
-6.211984655056717042e-01 -5.623110745215131878e-01 1.734443828691653922e+00
-6.211984655056717042e-01 -5.623110745215131878e-01 1.934443828691653877e+00
-6.211984655056717042e-01 -5.623110745215131878e-01 2.134443828691654055e+00
-6.211984655056717042e-01 -5.623110745215131878e-01 2.334443828691654232e+00
-6.211984655056717042e-01 -5.623110745215131878e-01 2.534443828691654410e+00
-6.211984655056717042e-01 -5.623110745215131878e-01 2.734443828691654588e+00
-6.211984655056717042e-01 -3.623110745215131767e-01 1.734443828691653922e+00
-6.211984655056717042e-01 -3.623110745215131767e-01 1.934443828691653877e+00
-6.211984655056717042e-01 -3.623110745215131767e-01 2.134443828691654055e+00
-6.211984655056717042e-01 -3.623110745215131767e-01 2.334443828691654232e+00
-6.211984655056717042e-01 -3.623110745215131767e-01 2.534443828691654410e+00
-6.211984655056717042e-01 -3.623110745215131767e-01 2.734443828691654588e+00
-6.211984655056717042e-01 -3.623110745215131767e-01 4.534443828691656186e+00
-6.211984655056717042e-01 -3.623110745215131767e-01 4.734443828691656364e+00
-6.211984655056717042e-01 -1.623110745215131656e-01 1.734443828691653922e+00
-6.211984655056717042e-01 -1.623110745215131656e-01 1.934443828691653877e+00
-6.211984655056717042e-01 -1.623110745215131656e-01 2.134443828691654055e+00
-6.211984655056717042e-01 -1.623110745215131656e-01 2.334443828691654232e+00
-6.211984655056717042e-01 -1.623110745215131656e-01 2.534443828691654410e+00
-6.211984655056717042e-01 -1.623110745215131656e-01 2.734443828691654588e+00
-6.211984655056717042e-01 -1.623110745215131656e-01 4.534443828691656186e+00
-6.211984655056717042e-01 -1.623110745215131656e-01 4.734443828691656364e+00
-6.211984655056717042e-01 3.768892547848684549e-02 1.734443828691653922e+00
-6.211984655056717042e-01 3.768892547848684549e-02 1.934443828691653877e+00
-6.211984655056717042e-01 3.768892547848684549e-02 2.134443828691654055e+00
-6.211984655056717042e-01 3.768892547848684549e-02 2.334443828691654232e+00
-6.211984655056717042e-01 3.768892547848684549e-02 2.534443828691654410e+00
-6.211984655056717042e-01 3.768892547848684549e-02 2.734443828691654588e+00
-6.211984655056717042e-01 3.768892547848684549e-02 4.534443828691656186e+00
-6.211984655056717042e-01 3.768892547848684549e-02 4.734443828691656364e+00
-6.211984655056717042e-01 2.376889254784868566e-01 1.734443828691653922e+00
-6.211984655056717042e-01 2.376889254784868566e-01 1.934443828691653877e+00
-6.211984655056717042e-01 2.376889254784868566e-01 2.134443828691654055e+00
-6.211984655056717042e-01 2.376889254784868566e-01 2.334443828691654232e+00
-6.211984655056717042e-01 2.376889254784868566e-01 2.534443828691654410e+00
-6.211984655056717042e-01 2.376889254784868566e-01 2.734443828691654588e+00
-6.211984655056717042e-01 2.376889254784868566e-01 4.534443828691656186e+00
-6.211984655056717042e-01 2.376889254784868566e-01 4.734443828691656364e+00
-6.211984655056717042e-01 4.376889254784868677e-01 1.734443828691653922e+00
-6.211984655056717042e-01 4.376889254784868677e-01 1.934443828691653877e+00
-6.211984655056717042e-01 4.376889254784868677e-01 2.134443828691654055e+00
-6.211984655056717042e-01 4.376889254784868677e-01 2.334443828691654232e+00
-6.211984655056717042e-01 4.376889254784868677e-01 2.534443828691654410e+00
-6.211984655056717042e-01 4.376889254784868677e-01 2.734443828691654588e+00
-6.211984655056717042e-01 4.376889254784868677e-01 4.534443828691656186e+00
-6.211984655056717042e-01 4.376889254784868677e-01 4.734443828691656364e+00
-6.211984655056717042e-01 6.376889254784868788e-01 1.734443828691653922e+00
-6.211984655056717042e-01 6.376889254784868788e-01 1.934443828691653877e+00
-6.211984655056717042e-01 6.376889254784868788e-01 2.134443828691654055e+00
-6.211984655056717042e-01 6.376889254784868788e-01 2.334443828691654232e+00
-6.211984655056717042e-01 6.376889254784868788e-01 2.534443828691654410e+00
-6.211984655056717042e-01 6.376889254784868788e-01 2.734443828691654588e+00
-6.211984655056717042e-01 8.376889254784869454e-01 1.734443828691653922e+00
-6.211984655056717042e-01 8.376889254784869454e-01 1.934443828691653877e+00
-6.211984655056717042e-01 8.376889254784869454e-01 2.134443828691654055e+00
-6.211984655056717042e-01 8.376889254784869454e-01 2.334443828691654232e+00
-6.211984655056717042e-01 8.376889254784869454e-01 2.534443828691654410e+00
-6.211984655056717042e-01 8.376889254784869454e-01 2.734443828691654588e+00
-6.211984655056717042e-01 1.037688925478486901e+00 1.734443828691653922e+00
-6.211984655056717042e-01 1.037688925478486901e+00 1.934443828691653877e+00
-6.211984655056717042e-01 1.037688925478486901e+00 2.134443828691654055e+00
-6.211984655056717042e-01 1.037688925478486901e+00 2.334443828691654232e+00
-6.211984655056717042e-01 1.037688925478486901e+00 2.534443828691654410e+00
-4.211984655056716931e-01 -1.162311074521513055e+00 2.334443828691654232e+00
-4.211984655056716931e-01 -1.162311074521513055e+00 2.534443828691654410e+00
-4.211984655056716931e-01 -9.623110745215130990e-01 1.734443828691653922e+00
-4.211984655056716931e-01 -9.623110745215130990e-01 1.934443828691653877e+00
-4.211984655056716931e-01 -9.623110745215130990e-01 2.134443828691654055e+00
-4.211984655056716931e-01 -9.623110745215130990e-01 2.334443828691654232e+00
-4.211984655056716931e-01 -9.623110745215130990e-01 2.534443828691654410e+00
-4.211984655056716931e-01 -9.623110745215130990e-01 2.734443828691654588e+00
-4.211984655056716931e-01 -9.623110745215130990e-01 2.934443828691654765e+00
-4.211984655056716931e-01 -7.623110745215131434e-01 1.534443828691653966e+00
-4.211984655056716931e-01 -7.623110745215131434e-01 1.734443828691653922e+00
-4.211984655056716931e-01 -7.623110745215131434e-01 1.934443828691653877e+00
-4.211984655056716931e-01 -7.623110745215131434e-01 2.134443828691654055e+00
-4.211984655056716931e-01 -7.623110745215131434e-01 2.334443828691654232e+00
-4.211984655056716931e-01 -7.623110745215131434e-01 2.534443828691654410e+00
-4.211984655056716931e-01 -7.623110745215131434e-01 2.734443828691654588e+00
-4.211984655056716931e-01 -7.623110745215131434e-01 2.934443828691654765e+00
-4.211984655056716931e-01 -7.623110745215131434e-01 3.134443828691654943e+00
-4.211984655056716931e-01 -5.623110745215131878e-01 1.334443828691654010e+00
-4.211984655056716931e-01 -5.623110745215131878e-01 1.534443828691653966e+00
-4.211984655056716931e-01 -5.623110745215131878e-01 1.734443828691653922e+00
-4.211984655056716931e-01 -5.623110745215131878e-01 1.934443828691653877e+00
-4.211984655056716931e-01 -5.623110745215131878e-01 2.134443828691654055e+00
-4.211984655056716931e-01 -5.623110745215131878e-01 2.334443828691654232e+00
-4.211984655056716931e-01 -5.623110745215131878e-01 2.534443828691654410e+00
-4.211984655056716931e-01 -5.623110745215131878e-01 2.734443828691654588e+00
-4.211984655056716931e-01 -5.623110745215131878e-01 2.934443828691654765e+00
-4.211984655056716931e-01 -5.623110745215131878e-01 3.134443828691654943e+00
-4.211984655056716931e-01 -5.623110745215131878e-01 4.134443828691655831e+00
-4.211984655056716931e-01 -5.623110745215131878e-01 4.334443828691656009e+00
-4.211984655056716931e-01 -3.623110745215131767e-01 1.334443828691654010e+00
-4.211984655056716931e-01 -3.623110745215131767e-01 1.534443828691653966e+00
-4.211984655056716931e-01 -3.623110745215131767e-01 1.734443828691653922e+00
-4.211984655056716931e-01 -3.623110745215131767e-01 1.934443828691653877e+00
-4.211984655056716931e-01 -3.623110745215131767e-01 2.134443828691654055e+00
-4.211984655056716931e-01 -3.623110745215131767e-01 2.334443828691654232e+00
-4.211984655056716931e-01 -3.623110745215131767e-01 2.534443828691654410e+00
-4.211984655056716931e-01 -3.623110745215131767e-01 2.734443828691654588e+00
-4.211984655056716931e-01 -3.623110745215131767e-01 2.934443828691654765e+00
-4.211984655056716931e-01 -3.623110745215131767e-01 3.134443828691654943e+00
-4.211984655056716931e-01 -3.623110745215131767e-01 4.134443828691655831e+00
-4.211984655056716931e-01 -3.623110745215131767e-01 4.334443828691656009e+00
-4.211984655056716931e-01 -3.623110745215131767e-01 4.534443828691656186e+00
-4.211984655056716931e-01 -1.623110745215131656e-01 1.334443828691654010e+00
-4.211984655056716931e-01 -1.623110745215131656e-01 1.534443828691653966e+00
-4.211984655056716931e-01 -1.623110745215131656e-01 1.734443828691653922e+00
-4.211984655056716931e-01 -1.623110745215131656e-01 1.934443828691653877e+00
-4.211984655056716931e-01 -1.623110745215131656e-01 2.134443828691654055e+00
-4.211984655056716931e-01 -1.623110745215131656e-01 2.334443828691654232e+00
-4.211984655056716931e-01 -1.623110745215131656e-01 2.534443828691654410e+00
-4.211984655056716931e-01 -1.623110745215131656e-01 2.734443828691654588e+00
-4.211984655056716931e-01 -1.623110745215131656e-01 2.934443828691654765e+00
-4.211984655056716931e-01 -1.623110745215131656e-01 3.134443828691654943e+00
-4.211984655056716931e-01 -1.623110745215131656e-01 4.134443828691655831e+00
-4.211984655056716931e-01 -1.623110745215131656e-01 4.334443828691656009e+00
-4.211984655056716931e-01 -1.623110745215131656e-01 4.534443828691656186e+00
-4.211984655056716931e-01 3.768892547848684549e-02 1.334443828691654010e+00
-4.211984655056716931e-01 3.768892547848684549e-02 1.534443828691653966e+00
-4.211984655056716931e-01 3.768892547848684549e-02 1.734443828691653922e+00
-4.211984655056716931e-01 3.768892547848684549e-02 1.934443828691653877e+00
-4.211984655056716931e-01 3.768892547848684549e-02 2.134443828691654055e+00
-4.211984655056716931e-01 3.768892547848684549e-02 2.334443828691654232e+00
-4.211984655056716931e-01 3.768892547848684549e-02 2.534443828691654410e+00
-4.211984655056716931e-01 3.768892547848684549e-02 2.734443828691654588e+00
-4.211984655056716931e-01 3.768892547848684549e-02 2.934443828691654765e+00
-4.211984655056716931e-01 3.768892547848684549e-02 3.134443828691654943e+00
-4.211984655056716931e-01 3.768892547848684549e-02 4.134443828691655831e+00
-4.211984655056716931e-01 3.768892547848684549e-02 4.334443828691656009e+00
-4.211984655056716931e-01 3.768892547848684549e-02 4.534443828691656186e+00
-4.211984655056716931e-01 2.376889254784868566e-01 1.334443828691654010e+00
-4.211984655056716931e-01 2.376889254784868566e-01 1.534443828691653966e+00
-4.211984655056716931e-01 2.376889254784868566e-01 1.734443828691653922e+00
-4.211984655056716931e-01 2.376889254784868566e-01 1.934443828691653877e+00
-4.211984655056716931e-01 2.376889254784868566e-01 2.134443828691654055e+00
-4.211984655056716931e-01 2.376889254784868566e-01 2.334443828691654232e+00
-4.211984655056716931e-01 2.376889254784868566e-01 2.534443828691654410e+00
-4.211984655056716931e-01 2.376889254784868566e-01 2.734443828691654588e+00
-4.211984655056716931e-01 2.376889254784868566e-01 2.934443828691654765e+00
-4.211984655056716931e-01 2.376889254784868566e-01 3.134443828691654943e+00
-4.211984655056716931e-01 2.376889254784868566e-01 4.134443828691655831e+00
-4.211984655056716931e-01 2.376889254784868566e-01 4.334443828691656009e+00
-4.211984655056716931e-01 2.376889254784868566e-01 4.534443828691656186e+00
-4.211984655056716931e-01 4.376889254784868677e-01 1.334443828691654010e+00
-4.211984655056716931e-01 4.376889254784868677e-01 1.534443828691653966e+00
-4.211984655056716931e-01 4.376889254784868677e-01 1.734443828691653922e+00
-4.211984655056716931e-01 4.376889254784868677e-01 1.934443828691653877e+00
-4.211984655056716931e-01 4.376889254784868677e-01 2.134443828691654055e+00
-4.211984655056716931e-01 4.376889254784868677e-01 2.334443828691654232e+00
-4.211984655056716931e-01 4.376889254784868677e-01 2.534443828691654410e+00
-4.211984655056716931e-01 4.376889254784868677e-01 2.734443828691654588e+00
-4.211984655056716931e-01 4.376889254784868677e-01 2.934443828691654765e+00
-4.211984655056716931e-01 4.376889254784868677e-01 3.134443828691654943e+00
-4.211984655056716931e-01 4.376889254784868677e-01 4.134443828691655831e+00
-4.211984655056716931e-01 4.376889254784868677e-01 4.334443828691656009e+00
-4.211984655056716931e-01 4.376889254784868677e-01 4.534443828691656186e+00
-4.211984655056716931e-01 6.376889254784868788e-01 1.334443828691654010e+00
-4.211984655056716931e-01 6.376889254784868788e-01 1.534443828691653966e+00
-4.211984655056716931e-01 6.376889254784868788e-01 1.734443828691653922e+00
-4.211984655056716931e-01 6.376889254784868788e-01 1.934443828691653877e+00
-4.211984655056716931e-01 6.376889254784868788e-01 2.134443828691654055e+00
-4.211984655056716931e-01 6.376889254784868788e-01 2.334443828691654232e+00
-4.211984655056716931e-01 6.376889254784868788e-01 2.534443828691654410e+00
-4.211984655056716931e-01 6.376889254784868788e-01 2.734443828691654588e+00
-4.211984655056716931e-01 6.376889254784868788e-01 2.934443828691654765e+00
-4.211984655056716931e-01 6.376889254784868788e-01 3.134443828691654943e+00
-4.211984655056716931e-01 8.376889254784869454e-01 1.534443828691653966e+00
-4.211984655056716931e-01 8.376889254784869454e-01 1.734443828691653922e+00
-4.211984655056716931e-01 8.376889254784869454e-01 1.934443828691653877e+00
-4.211984655056716931e-01 8.376889254784869454e-01 2.134443828691654055e+00
-4.211984655056716931e-01 8.376889254784869454e-01 2.334443828691654232e+00
-4.211984655056716931e-01 8.376889254784869454e-01 2.534443828691654410e+00
-4.211984655056716931e-01 8.376889254784869454e-01 2.734443828691654588e+00
-4.211984655056716931e-01 8.376889254784869454e-01 2.934443828691654765e+00
-4.211984655056716931e-01 8.376889254784869454e-01 3.134443828691654943e+00
-4.211984655056716931e-01 1.037688925478486901e+00 1.934443828691653877e+00
-4.211984655056716931e-01 1.037688925478486901e+00 2.134443828691654055e+00
-4.211984655056716931e-01 1.037688925478486901e+00 2.334443828691654232e+00
-4.211984655056716931e-01 1.037688925478486901e+00 2.534443828691654410e+00
-4.211984655056716931e-01 1.037688925478486901e+00 2.734443828691654588e+00
-4.211984655056716931e-01 1.037688925478486901e+00 2.934443828691654765e+00
-2.211984655056716820e-01 -1.162311074521513055e+00 2.534443828691654410e+00
-2.211984655056716820e-01 -1.162311074521513055e+00 2.734443828691654588e+00
-2.211984655056716820e-01 -9.623110745215130990e-01 1.934443828691653877e+00
-2.211984655056716820e-01 -9.623110745215130990e-01 2.134443828691654055e+00
-2.211984655056716820e-01 -9.623110745215130990e-01 2.334443828691654232e+00
-2.211984655056716820e-01 -9.623110745215130990e-01 2.534443828691654410e+00
-2.211984655056716820e-01 -9.623110745215130990e-01 2.734443828691654588e+00
-2.211984655056716820e-01 -9.623110745215130990e-01 2.934443828691654765e+00
-2.211984655056716820e-01 -9.623110745215130990e-01 3.134443828691654943e+00
-2.211984655056716820e-01 -7.623110745215131434e-01 1.534443828691653966e+00
-2.211984655056716820e-01 -7.623110745215131434e-01 1.734443828691653922e+00
-2.211984655056716820e-01 -7.623110745215131434e-01 1.934443828691653877e+00
-2.211984655056716820e-01 -7.623110745215131434e-01 2.134443828691654055e+00
-2.211984655056716820e-01 -7.623110745215131434e-01 2.334443828691654232e+00
-2.211984655056716820e-01 -7.623110745215131434e-01 2.534443828691654410e+00
-2.211984655056716820e-01 -7.623110745215131434e-01 2.734443828691654588e+00
-2.211984655056716820e-01 -7.623110745215131434e-01 2.934443828691654765e+00
-2.211984655056716820e-01 -7.623110745215131434e-01 3.134443828691654943e+00
-2.211984655056716820e-01 -7.623110745215131434e-01 3.334443828691655121e+00
-2.211984655056716820e-01 -7.623110745215131434e-01 3.534443828691655298e+00
-2.211984655056716820e-01 -5.623110745215131878e-01 1.334443828691654010e+00
-2.211984655056716820e-01 -5.623110745215131878e-01 1.534443828691653966e+00
-2.211984655056716820e-01 -5.623110745215131878e-01 1.734443828691653922e+00
-2.211984655056716820e-01 -5.623110745215131878e-01 1.934443828691653877e+00
-2.211984655056716820e-01 -5.623110745215131878e-01 2.134443828691654055e+00
-2.211984655056716820e-01 -5.623110745215131878e-01 2.334443828691654232e+00
-2.211984655056716820e-01 -5.623110745215131878e-01 2.534443828691654410e+00
-2.211984655056716820e-01 -5.623110745215131878e-01 2.734443828691654588e+00
-2.211984655056716820e-01 -5.623110745215131878e-01 2.934443828691654765e+00
-2.211984655056716820e-01 -5.623110745215131878e-01 3.134443828691654943e+00
-2.211984655056716820e-01 -5.623110745215131878e-01 3.334443828691655121e+00
-2.211984655056716820e-01 -5.623110745215131878e-01 3.534443828691655298e+00
-2.211984655056716820e-01 -5.623110745215131878e-01 3.734443828691655476e+00
-2.211984655056716820e-01 -5.623110745215131878e-01 3.934443828691655654e+00
-2.211984655056716820e-01 -5.623110745215131878e-01 4.134443828691655831e+00
-2.211984655056716820e-01 -5.623110745215131878e-01 4.334443828691656009e+00
-2.211984655056716820e-01 -3.623110745215131767e-01 1.134443828691654055e+00
-2.211984655056716820e-01 -3.623110745215131767e-01 1.334443828691654010e+00
-2.211984655056716820e-01 -3.623110745215131767e-01 1.534443828691653966e+00
-2.211984655056716820e-01 -3.623110745215131767e-01 1.734443828691653922e+00
-2.211984655056716820e-01 -3.623110745215131767e-01 1.934443828691653877e+00
-2.211984655056716820e-01 -3.623110745215131767e-01 2.134443828691654055e+00
-2.211984655056716820e-01 -3.623110745215131767e-01 2.334443828691654232e+00
-2.211984655056716820e-01 -3.623110745215131767e-01 2.534443828691654410e+00
-2.211984655056716820e-01 -3.623110745215131767e-01 2.734443828691654588e+00
-2.211984655056716820e-01 -3.623110745215131767e-01 2.934443828691654765e+00
-2.211984655056716820e-01 -3.623110745215131767e-01 3.134443828691654943e+00
-2.211984655056716820e-01 -3.623110745215131767e-01 3.334443828691655121e+00
-2.211984655056716820e-01 -3.623110745215131767e-01 3.534443828691655298e+00
-2.211984655056716820e-01 -3.623110745215131767e-01 3.734443828691655476e+00
-2.211984655056716820e-01 -3.623110745215131767e-01 3.934443828691655654e+00
-2.211984655056716820e-01 -3.623110745215131767e-01 4.134443828691655831e+00
-2.211984655056716820e-01 -3.623110745215131767e-01 4.334443828691656009e+00
-2.211984655056716820e-01 -1.623110745215131656e-01 1.134443828691654055e+00
-2.211984655056716820e-01 -1.623110745215131656e-01 1.334443828691654010e+00
-2.211984655056716820e-01 -1.623110745215131656e-01 1.534443828691653966e+00
-2.211984655056716820e-01 -1.623110745215131656e-01 1.734443828691653922e+00
-2.211984655056716820e-01 -1.623110745215131656e-01 1.934443828691653877e+00
-2.211984655056716820e-01 -1.623110745215131656e-01 2.134443828691654055e+00
-2.211984655056716820e-01 -1.623110745215131656e-01 2.334443828691654232e+00
-2.211984655056716820e-01 -1.623110745215131656e-01 2.534443828691654410e+00
-2.211984655056716820e-01 -1.623110745215131656e-01 2.734443828691654588e+00
-2.211984655056716820e-01 -1.623110745215131656e-01 2.934443828691654765e+00
-2.211984655056716820e-01 -1.623110745215131656e-01 3.134443828691654943e+00
-2.211984655056716820e-01 -1.623110745215131656e-01 3.334443828691655121e+00
-2.211984655056716820e-01 -1.623110745215131656e-01 3.534443828691655298e+00
-2.211984655056716820e-01 -1.623110745215131656e-01 3.734443828691655476e+00
-2.211984655056716820e-01 -1.623110745215131656e-01 3.934443828691655654e+00
-2.211984655056716820e-01 -1.623110745215131656e-01 4.134443828691655831e+00
-2.211984655056716820e-01 -1.623110745215131656e-01 4.334443828691656009e+00
-2.211984655056716820e-01 3.768892547848684549e-02 1.134443828691654055e+00
-2.211984655056716820e-01 3.768892547848684549e-02 1.334443828691654010e+00
-2.211984655056716820e-01 3.768892547848684549e-02 1.534443828691653966e+00
-2.211984655056716820e-01 3.768892547848684549e-02 1.734443828691653922e+00
-2.211984655056716820e-01 3.768892547848684549e-02 1.934443828691653877e+00
-2.211984655056716820e-01 3.768892547848684549e-02 2.134443828691654055e+00
-2.211984655056716820e-01 3.768892547848684549e-02 2.334443828691654232e+00
-2.211984655056716820e-01 3.768892547848684549e-02 2.534443828691654410e+00
-2.211984655056716820e-01 3.768892547848684549e-02 2.734443828691654588e+00
-2.211984655056716820e-01 3.768892547848684549e-02 2.934443828691654765e+00
-2.211984655056716820e-01 3.768892547848684549e-02 3.134443828691654943e+00
-2.211984655056716820e-01 3.768892547848684549e-02 3.334443828691655121e+00
-2.211984655056716820e-01 3.768892547848684549e-02 3.534443828691655298e+00
-2.211984655056716820e-01 3.768892547848684549e-02 3.734443828691655476e+00
-2.211984655056716820e-01 3.768892547848684549e-02 3.934443828691655654e+00
-2.211984655056716820e-01 3.768892547848684549e-02 4.134443828691655831e+00
-2.211984655056716820e-01 3.768892547848684549e-02 4.334443828691656009e+00
-2.211984655056716820e-01 2.376889254784868566e-01 1.134443828691654055e+00
-2.211984655056716820e-01 2.376889254784868566e-01 1.334443828691654010e+00
-2.211984655056716820e-01 2.376889254784868566e-01 1.534443828691653966e+00
-2.211984655056716820e-01 2.376889254784868566e-01 1.734443828691653922e+00
-2.211984655056716820e-01 2.376889254784868566e-01 1.934443828691653877e+00
-2.211984655056716820e-01 2.376889254784868566e-01 2.134443828691654055e+00
-2.211984655056716820e-01 2.376889254784868566e-01 2.334443828691654232e+00
-2.211984655056716820e-01 2.376889254784868566e-01 2.534443828691654410e+00
-2.211984655056716820e-01 2.376889254784868566e-01 2.734443828691654588e+00
-2.211984655056716820e-01 2.376889254784868566e-01 2.934443828691654765e+00
-2.211984655056716820e-01 2.376889254784868566e-01 3.134443828691654943e+00
-2.211984655056716820e-01 2.376889254784868566e-01 3.334443828691655121e+00
-2.211984655056716820e-01 2.376889254784868566e-01 3.534443828691655298e+00
-2.211984655056716820e-01 2.376889254784868566e-01 3.734443828691655476e+00
-2.211984655056716820e-01 2.376889254784868566e-01 3.934443828691655654e+00
-2.211984655056716820e-01 2.376889254784868566e-01 4.134443828691655831e+00
-2.211984655056716820e-01 2.376889254784868566e-01 4.334443828691656009e+00
-2.211984655056716820e-01 4.376889254784868677e-01 1.334443828691654010e+00
-2.211984655056716820e-01 4.376889254784868677e-01 1.534443828691653966e+00
-2.211984655056716820e-01 4.376889254784868677e-01 1.734443828691653922e+00
-2.211984655056716820e-01 4.376889254784868677e-01 1.934443828691653877e+00
-2.211984655056716820e-01 4.376889254784868677e-01 2.134443828691654055e+00
-2.211984655056716820e-01 4.376889254784868677e-01 2.334443828691654232e+00
-2.211984655056716820e-01 4.376889254784868677e-01 2.534443828691654410e+00
-2.211984655056716820e-01 4.376889254784868677e-01 2.734443828691654588e+00
-2.211984655056716820e-01 4.376889254784868677e-01 2.934443828691654765e+00
-2.211984655056716820e-01 4.376889254784868677e-01 3.134443828691654943e+00
-2.211984655056716820e-01 4.376889254784868677e-01 3.334443828691655121e+00
-2.211984655056716820e-01 4.376889254784868677e-01 3.534443828691655298e+00
-2.211984655056716820e-01 4.376889254784868677e-01 3.734443828691655476e+00
-2.211984655056716820e-01 4.376889254784868677e-01 3.934443828691655654e+00
-2.211984655056716820e-01 4.376889254784868677e-01 4.134443828691655831e+00
-2.211984655056716820e-01 4.376889254784868677e-01 4.334443828691656009e+00
-2.211984655056716820e-01 6.376889254784868788e-01 1.334443828691654010e+00
-2.211984655056716820e-01 6.376889254784868788e-01 1.534443828691653966e+00
-2.211984655056716820e-01 6.376889254784868788e-01 1.734443828691653922e+00
-2.211984655056716820e-01 6.376889254784868788e-01 1.934443828691653877e+00
-2.211984655056716820e-01 6.376889254784868788e-01 2.134443828691654055e+00
-2.211984655056716820e-01 6.376889254784868788e-01 2.334443828691654232e+00
-2.211984655056716820e-01 6.376889254784868788e-01 2.534443828691654410e+00
-2.211984655056716820e-01 6.376889254784868788e-01 2.734443828691654588e+00
-2.211984655056716820e-01 6.376889254784868788e-01 2.934443828691654765e+00
-2.211984655056716820e-01 6.376889254784868788e-01 3.134443828691654943e+00
-2.211984655056716820e-01 6.376889254784868788e-01 3.334443828691655121e+00
-2.211984655056716820e-01 6.376889254784868788e-01 3.534443828691655298e+00
-2.211984655056716820e-01 6.376889254784868788e-01 3.734443828691655476e+00
-2.211984655056716820e-01 6.376889254784868788e-01 3.934443828691655654e+00
-2.211984655056716820e-01 8.376889254784869454e-01 1.734443828691653922e+00
-2.211984655056716820e-01 8.376889254784869454e-01 1.934443828691653877e+00
-2.211984655056716820e-01 8.376889254784869454e-01 2.134443828691654055e+00
-2.211984655056716820e-01 8.376889254784869454e-01 2.334443828691654232e+00
-2.211984655056716820e-01 8.376889254784869454e-01 2.534443828691654410e+00
-2.211984655056716820e-01 8.376889254784869454e-01 2.734443828691654588e+00
-2.211984655056716820e-01 8.376889254784869454e-01 2.934443828691654765e+00
-2.211984655056716820e-01 8.376889254784869454e-01 3.134443828691654943e+00
-2.211984655056716820e-01 8.376889254784869454e-01 3.334443828691655121e+00
-2.211984655056716820e-01 1.037688925478486901e+00 2.134443828691654055e+00
-2.211984655056716820e-01 1.037688925478486901e+00 2.334443828691654232e+00
-2.211984655056716820e-01 1.037688925478486901e+00 2.534443828691654410e+00
-2.211984655056716820e-01 1.037688925478486901e+00 2.734443828691654588e+00
-2.211984655056716820e-01 1.037688925478486901e+00 2.934443828691654765e+00
-2.211984655056716820e-01 1.037688925478486901e+00 3.134443828691654943e+00
-2.119846550567167087e-02 -9.623110745215130990e-01 2.134443828691654055e+00
-2.119846550567167087e-02 -9.623110745215130990e-01 2.334443828691654232e+00
-2.119846550567167087e-02 -9.623110745215130990e-01 2.534443828691654410e+00
-2.119846550567167087e-02 -9.623110745215130990e-01 2.734443828691654588e+00
-2.119846550567167087e-02 -9.623110745215130990e-01 2.934443828691654765e+00
-2.119846550567167087e-02 -9.623110745215130990e-01 3.134443828691654943e+00
-2.119846550567167087e-02 -9.623110745215130990e-01 3.334443828691655121e+00
-2.119846550567167087e-02 -7.623110745215131434e-01 1.534443828691653966e+00
-2.119846550567167087e-02 -7.623110745215131434e-01 1.734443828691653922e+00
-2.119846550567167087e-02 -7.623110745215131434e-01 1.934443828691653877e+00
-2.119846550567167087e-02 -7.623110745215131434e-01 2.134443828691654055e+00
-2.119846550567167087e-02 -7.623110745215131434e-01 2.334443828691654232e+00
-2.119846550567167087e-02 -7.623110745215131434e-01 2.534443828691654410e+00
-2.119846550567167087e-02 -7.623110745215131434e-01 2.734443828691654588e+00
-2.119846550567167087e-02 -7.623110745215131434e-01 2.934443828691654765e+00
-2.119846550567167087e-02 -7.623110745215131434e-01 3.134443828691654943e+00
-2.119846550567167087e-02 -7.623110745215131434e-01 3.334443828691655121e+00
-2.119846550567167087e-02 -7.623110745215131434e-01 3.534443828691655298e+00
-2.119846550567167087e-02 -7.623110745215131434e-01 3.734443828691655476e+00
-2.119846550567167087e-02 -7.623110745215131434e-01 3.934443828691655654e+00
-2.119846550567167087e-02 -5.623110745215131878e-01 1.334443828691654010e+00
-2.119846550567167087e-02 -5.623110745215131878e-01 1.534443828691653966e+00
-2.119846550567167087e-02 -5.623110745215131878e-01 1.734443828691653922e+00
-2.119846550567167087e-02 -5.623110745215131878e-01 1.934443828691653877e+00
-2.119846550567167087e-02 -5.623110745215131878e-01 2.134443828691654055e+00
-2.119846550567167087e-02 -5.623110745215131878e-01 2.334443828691654232e+00
-2.119846550567167087e-02 -5.623110745215131878e-01 2.534443828691654410e+00
-2.119846550567167087e-02 -5.623110745215131878e-01 2.734443828691654588e+00
-2.119846550567167087e-02 -5.623110745215131878e-01 2.934443828691654765e+00
-2.119846550567167087e-02 -5.623110745215131878e-01 3.134443828691654943e+00
-2.119846550567167087e-02 -5.623110745215131878e-01 3.334443828691655121e+00
-2.119846550567167087e-02 -5.623110745215131878e-01 3.534443828691655298e+00
-2.119846550567167087e-02 -5.623110745215131878e-01 3.734443828691655476e+00
-2.119846550567167087e-02 -5.623110745215131878e-01 3.934443828691655654e+00
-2.119846550567167087e-02 -5.623110745215131878e-01 4.134443828691655831e+00
-2.119846550567167087e-02 -5.623110745215131878e-01 4.334443828691656009e+00
-2.119846550567167087e-02 -3.623110745215131767e-01 1.334443828691654010e+00
-2.119846550567167087e-02 -3.623110745215131767e-01 1.534443828691653966e+00
-2.119846550567167087e-02 -3.623110745215131767e-01 1.734443828691653922e+00
-2.119846550567167087e-02 -3.623110745215131767e-01 1.934443828691653877e+00
-2.119846550567167087e-02 -3.623110745215131767e-01 2.134443828691654055e+00
-2.119846550567167087e-02 -3.623110745215131767e-01 2.334443828691654232e+00
-2.119846550567167087e-02 -3.623110745215131767e-01 2.534443828691654410e+00
-2.119846550567167087e-02 -3.623110745215131767e-01 2.734443828691654588e+00
-2.119846550567167087e-02 -3.623110745215131767e-01 2.934443828691654765e+00
-2.119846550567167087e-02 -3.623110745215131767e-01 3.134443828691654943e+00
-2.119846550567167087e-02 -3.623110745215131767e-01 3.334443828691655121e+00
-2.119846550567167087e-02 -3.623110745215131767e-01 3.534443828691655298e+00
-2.119846550567167087e-02 -3.623110745215131767e-01 3.734443828691655476e+00
-2.119846550567167087e-02 -3.623110745215131767e-01 3.934443828691655654e+00
-2.119846550567167087e-02 -3.623110745215131767e-01 4.134443828691655831e+00
-2.119846550567167087e-02 -3.623110745215131767e-01 4.334443828691656009e+00
-2.119846550567167087e-02 -1.623110745215131656e-01 1.334443828691654010e+00
-2.119846550567167087e-02 -1.623110745215131656e-01 1.534443828691653966e+00
-2.119846550567167087e-02 -1.623110745215131656e-01 1.734443828691653922e+00
-2.119846550567167087e-02 -1.623110745215131656e-01 1.934443828691653877e+00
-2.119846550567167087e-02 -1.623110745215131656e-01 2.134443828691654055e+00
-2.119846550567167087e-02 -1.623110745215131656e-01 2.334443828691654232e+00
-2.119846550567167087e-02 -1.623110745215131656e-01 2.534443828691654410e+00
-2.119846550567167087e-02 -1.623110745215131656e-01 2.734443828691654588e+00
-2.119846550567167087e-02 -1.623110745215131656e-01 2.934443828691654765e+00
-2.119846550567167087e-02 -1.623110745215131656e-01 3.134443828691654943e+00
-2.119846550567167087e-02 -1.623110745215131656e-01 3.334443828691655121e+00
-2.119846550567167087e-02 -1.623110745215131656e-01 3.534443828691655298e+00
-2.119846550567167087e-02 -1.623110745215131656e-01 3.734443828691655476e+00
-2.119846550567167087e-02 -1.623110745215131656e-01 3.934443828691655654e+00
-2.119846550567167087e-02 -1.623110745215131656e-01 4.134443828691655831e+00
-2.119846550567167087e-02 -1.623110745215131656e-01 4.334443828691656009e+00
-2.119846550567167087e-02 3.768892547848684549e-02 1.334443828691654010e+00
-2.119846550567167087e-02 3.768892547848684549e-02 1.534443828691653966e+00
-2.119846550567167087e-02 3.768892547848684549e-02 1.734443828691653922e+00
-2.119846550567167087e-02 3.768892547848684549e-02 1.934443828691653877e+00
-2.119846550567167087e-02 3.768892547848684549e-02 2.134443828691654055e+00
-2.119846550567167087e-02 3.768892547848684549e-02 2.334443828691654232e+00
-2.119846550567167087e-02 3.768892547848684549e-02 2.534443828691654410e+00
-2.119846550567167087e-02 3.768892547848684549e-02 2.734443828691654588e+00
-2.119846550567167087e-02 3.768892547848684549e-02 2.934443828691654765e+00
-2.119846550567167087e-02 3.768892547848684549e-02 3.134443828691654943e+00
-2.119846550567167087e-02 3.768892547848684549e-02 3.334443828691655121e+00
-2.119846550567167087e-02 3.768892547848684549e-02 3.534443828691655298e+00
-2.119846550567167087e-02 3.768892547848684549e-02 3.734443828691655476e+00
-2.119846550567167087e-02 3.768892547848684549e-02 3.934443828691655654e+00
-2.119846550567167087e-02 3.768892547848684549e-02 4.134443828691655831e+00
-2.119846550567167087e-02 3.768892547848684549e-02 4.334443828691656009e+00
-2.119846550567167087e-02 2.376889254784868566e-01 1.334443828691654010e+00
-2.119846550567167087e-02 2.376889254784868566e-01 1.534443828691653966e+00
-2.119846550567167087e-02 2.376889254784868566e-01 1.734443828691653922e+00
-2.119846550567167087e-02 2.376889254784868566e-01 1.934443828691653877e+00
-2.119846550567167087e-02 2.376889254784868566e-01 2.134443828691654055e+00
-2.119846550567167087e-02 2.376889254784868566e-01 2.334443828691654232e+00
-2.119846550567167087e-02 2.376889254784868566e-01 2.534443828691654410e+00
-2.119846550567167087e-02 2.376889254784868566e-01 2.734443828691654588e+00
-2.119846550567167087e-02 2.376889254784868566e-01 2.934443828691654765e+00
-2.119846550567167087e-02 2.376889254784868566e-01 3.134443828691654943e+00
-2.119846550567167087e-02 2.376889254784868566e-01 3.334443828691655121e+00
-2.119846550567167087e-02 2.376889254784868566e-01 3.534443828691655298e+00
-2.119846550567167087e-02 2.376889254784868566e-01 3.734443828691655476e+00
-2.119846550567167087e-02 2.376889254784868566e-01 3.934443828691655654e+00
-2.119846550567167087e-02 2.376889254784868566e-01 4.134443828691655831e+00
-2.119846550567167087e-02 2.376889254784868566e-01 4.334443828691656009e+00
-2.119846550567167087e-02 4.376889254784868677e-01 1.334443828691654010e+00
-2.119846550567167087e-02 4.376889254784868677e-01 1.534443828691653966e+00
-2.119846550567167087e-02 4.376889254784868677e-01 1.734443828691653922e+00
-2.119846550567167087e-02 4.376889254784868677e-01 1.934443828691653877e+00
-2.119846550567167087e-02 4.376889254784868677e-01 2.134443828691654055e+00
-2.119846550567167087e-02 4.376889254784868677e-01 2.334443828691654232e+00
-2.119846550567167087e-02 4.376889254784868677e-01 2.534443828691654410e+00
-2.119846550567167087e-02 4.376889254784868677e-01 2.734443828691654588e+00
-2.119846550567167087e-02 4.376889254784868677e-01 2.934443828691654765e+00
-2.119846550567167087e-02 4.376889254784868677e-01 3.134443828691654943e+00
-2.119846550567167087e-02 4.376889254784868677e-01 3.334443828691655121e+00
-2.119846550567167087e-02 4.376889254784868677e-01 3.534443828691655298e+00
-2.119846550567167087e-02 4.376889254784868677e-01 3.734443828691655476e+00
-2.119846550567167087e-02 4.376889254784868677e-01 3.934443828691655654e+00
-2.119846550567167087e-02 4.376889254784868677e-01 4.134443828691655831e+00
-2.119846550567167087e-02 4.376889254784868677e-01 4.334443828691656009e+00
-2.119846550567167087e-02 6.376889254784868788e-01 1.534443828691653966e+00
-2.119846550567167087e-02 6.376889254784868788e-01 1.734443828691653922e+00
-2.119846550567167087e-02 6.376889254784868788e-01 1.934443828691653877e+00
-2.119846550567167087e-02 6.376889254784868788e-01 2.134443828691654055e+00
-2.119846550567167087e-02 6.376889254784868788e-01 2.334443828691654232e+00
-2.119846550567167087e-02 6.376889254784868788e-01 2.534443828691654410e+00
-2.119846550567167087e-02 6.376889254784868788e-01 2.734443828691654588e+00
-2.119846550567167087e-02 6.376889254784868788e-01 2.934443828691654765e+00
-2.119846550567167087e-02 6.376889254784868788e-01 3.134443828691654943e+00
-2.119846550567167087e-02 6.376889254784868788e-01 3.334443828691655121e+00
-2.119846550567167087e-02 6.376889254784868788e-01 3.534443828691655298e+00
-2.119846550567167087e-02 6.376889254784868788e-01 3.734443828691655476e+00
-2.119846550567167087e-02 6.376889254784868788e-01 3.934443828691655654e+00
-2.119846550567167087e-02 6.376889254784868788e-01 4.134443828691655831e+00
-2.119846550567167087e-02 8.376889254784869454e-01 1.734443828691653922e+00
-2.119846550567167087e-02 8.376889254784869454e-01 1.934443828691653877e+00
-2.119846550567167087e-02 8.376889254784869454e-01 2.134443828691654055e+00
-2.119846550567167087e-02 8.376889254784869454e-01 2.334443828691654232e+00
-2.119846550567167087e-02 8.376889254784869454e-01 2.534443828691654410e+00
-2.119846550567167087e-02 8.376889254784869454e-01 2.734443828691654588e+00
-2.119846550567167087e-02 8.376889254784869454e-01 2.934443828691654765e+00
-2.119846550567167087e-02 8.376889254784869454e-01 3.134443828691654943e+00
-2.119846550567167087e-02 8.376889254784869454e-01 3.334443828691655121e+00
-2.119846550567167087e-02 8.376889254784869454e-01 3.534443828691655298e+00
-2.119846550567167087e-02 8.376889254784869454e-01 3.734443828691655476e+00
-2.119846550567167087e-02 1.037688925478486901e+00 2.334443828691654232e+00
-2.119846550567167087e-02 1.037688925478486901e+00 2.534443828691654410e+00
-2.119846550567167087e-02 1.037688925478486901e+00 2.734443828691654588e+00
-2.119846550567167087e-02 1.037688925478486901e+00 2.934443828691654765e+00
-2.119846550567167087e-02 1.037688925478486901e+00 3.134443828691654943e+00
1.788015344943283402e-01 -9.623110745215130990e-01 2.334443828691654232e+00
1.788015344943283402e-01 -9.623110745215130990e-01 2.534443828691654410e+00
1.788015344943283402e-01 -9.623110745215130990e-01 2.734443828691654588e+00
1.788015344943283402e-01 -9.623110745215130990e-01 2.934443828691654765e+00
1.788015344943283402e-01 -9.623110745215130990e-01 3.134443828691654943e+00
1.788015344943283402e-01 -9.623110745215130990e-01 3.334443828691655121e+00
1.788015344943283402e-01 -9.623110745215130990e-01 3.534443828691655298e+00
1.788015344943283402e-01 -7.623110745215131434e-01 1.734443828691653922e+00
1.788015344943283402e-01 -7.623110745215131434e-01 1.934443828691653877e+00
1.788015344943283402e-01 -7.623110745215131434e-01 2.134443828691654055e+00
1.788015344943283402e-01 -7.623110745215131434e-01 2.334443828691654232e+00
1.788015344943283402e-01 -7.623110745215131434e-01 2.534443828691654410e+00
1.788015344943283402e-01 -7.623110745215131434e-01 2.734443828691654588e+00
1.788015344943283402e-01 -7.623110745215131434e-01 2.934443828691654765e+00
1.788015344943283402e-01 -7.623110745215131434e-01 3.134443828691654943e+00
1.788015344943283402e-01 -7.623110745215131434e-01 3.334443828691655121e+00
1.788015344943283402e-01 -7.623110745215131434e-01 3.534443828691655298e+00
1.788015344943283402e-01 -7.623110745215131434e-01 3.734443828691655476e+00
1.788015344943283402e-01 -7.623110745215131434e-01 3.934443828691655654e+00
1.788015344943283402e-01 -7.623110745215131434e-01 4.134443828691655831e+00
1.788015344943283402e-01 -5.623110745215131878e-01 1.534443828691653966e+00
1.788015344943283402e-01 -5.623110745215131878e-01 1.734443828691653922e+00
1.788015344943283402e-01 -5.623110745215131878e-01 1.934443828691653877e+00
1.788015344943283402e-01 -5.623110745215131878e-01 2.134443828691654055e+00
1.788015344943283402e-01 -5.623110745215131878e-01 2.334443828691654232e+00
1.788015344943283402e-01 -5.623110745215131878e-01 2.534443828691654410e+00
1.788015344943283402e-01 -5.623110745215131878e-01 2.734443828691654588e+00
1.788015344943283402e-01 -5.623110745215131878e-01 2.934443828691654765e+00
1.788015344943283402e-01 -5.623110745215131878e-01 3.134443828691654943e+00
1.788015344943283402e-01 -5.623110745215131878e-01 3.334443828691655121e+00
1.788015344943283402e-01 -5.623110745215131878e-01 3.534443828691655298e+00
1.788015344943283402e-01 -5.623110745215131878e-01 3.734443828691655476e+00
1.788015344943283402e-01 -5.623110745215131878e-01 3.934443828691655654e+00
1.788015344943283402e-01 -5.623110745215131878e-01 4.134443828691655831e+00
1.788015344943283402e-01 -5.623110745215131878e-01 4.334443828691656009e+00
1.788015344943283402e-01 -3.623110745215131767e-01 1.534443828691653966e+00
1.788015344943283402e-01 -3.623110745215131767e-01 1.734443828691653922e+00
1.788015344943283402e-01 -3.623110745215131767e-01 1.934443828691653877e+00
1.788015344943283402e-01 -3.623110745215131767e-01 2.134443828691654055e+00
1.788015344943283402e-01 -3.623110745215131767e-01 2.334443828691654232e+00
1.788015344943283402e-01 -3.623110745215131767e-01 2.534443828691654410e+00
1.788015344943283402e-01 -3.623110745215131767e-01 2.734443828691654588e+00
1.788015344943283402e-01 -3.623110745215131767e-01 2.934443828691654765e+00
1.788015344943283402e-01 -3.623110745215131767e-01 3.134443828691654943e+00
1.788015344943283402e-01 -3.623110745215131767e-01 3.334443828691655121e+00
1.788015344943283402e-01 -3.623110745215131767e-01 3.534443828691655298e+00
1.788015344943283402e-01 -3.623110745215131767e-01 3.734443828691655476e+00
1.788015344943283402e-01 -3.623110745215131767e-01 3.934443828691655654e+00
1.788015344943283402e-01 -3.623110745215131767e-01 4.134443828691655831e+00
1.788015344943283402e-01 -3.623110745215131767e-01 4.334443828691656009e+00
1.788015344943283402e-01 -1.623110745215131656e-01 1.534443828691653966e+00
1.788015344943283402e-01 -1.623110745215131656e-01 1.734443828691653922e+00
1.788015344943283402e-01 -1.623110745215131656e-01 1.934443828691653877e+00
1.788015344943283402e-01 -1.623110745215131656e-01 2.134443828691654055e+00
1.788015344943283402e-01 -1.623110745215131656e-01 2.334443828691654232e+00
1.788015344943283402e-01 -1.623110745215131656e-01 2.534443828691654410e+00
1.788015344943283402e-01 -1.623110745215131656e-01 2.734443828691654588e+00
1.788015344943283402e-01 -1.623110745215131656e-01 2.934443828691654765e+00
1.788015344943283402e-01 -1.623110745215131656e-01 3.134443828691654943e+00
1.788015344943283402e-01 -1.623110745215131656e-01 3.334443828691655121e+00
1.788015344943283402e-01 -1.623110745215131656e-01 3.534443828691655298e+00
1.788015344943283402e-01 -1.623110745215131656e-01 3.734443828691655476e+00
1.788015344943283402e-01 -1.623110745215131656e-01 3.934443828691655654e+00
1.788015344943283402e-01 -1.623110745215131656e-01 4.134443828691655831e+00
1.788015344943283402e-01 -1.623110745215131656e-01 4.334443828691656009e+00
1.788015344943283402e-01 3.768892547848684549e-02 1.534443828691653966e+00
1.788015344943283402e-01 3.768892547848684549e-02 1.734443828691653922e+00
1.788015344943283402e-01 3.768892547848684549e-02 1.934443828691653877e+00
1.788015344943283402e-01 3.768892547848684549e-02 2.134443828691654055e+00
1.788015344943283402e-01 3.768892547848684549e-02 2.334443828691654232e+00
1.788015344943283402e-01 3.768892547848684549e-02 2.534443828691654410e+00
1.788015344943283402e-01 3.768892547848684549e-02 2.734443828691654588e+00
1.788015344943283402e-01 3.768892547848684549e-02 2.934443828691654765e+00
1.788015344943283402e-01 3.768892547848684549e-02 3.134443828691654943e+00
1.788015344943283402e-01 3.768892547848684549e-02 3.334443828691655121e+00
1.788015344943283402e-01 3.768892547848684549e-02 3.534443828691655298e+00
1.788015344943283402e-01 3.768892547848684549e-02 3.734443828691655476e+00
1.788015344943283402e-01 3.768892547848684549e-02 3.934443828691655654e+00
1.788015344943283402e-01 3.768892547848684549e-02 4.134443828691655831e+00
1.788015344943283402e-01 3.768892547848684549e-02 4.334443828691656009e+00
1.788015344943283402e-01 2.376889254784868566e-01 1.534443828691653966e+00
1.788015344943283402e-01 2.376889254784868566e-01 1.734443828691653922e+00
1.788015344943283402e-01 2.376889254784868566e-01 1.934443828691653877e+00
1.788015344943283402e-01 2.376889254784868566e-01 2.134443828691654055e+00
1.788015344943283402e-01 2.376889254784868566e-01 2.334443828691654232e+00
1.788015344943283402e-01 2.376889254784868566e-01 2.534443828691654410e+00
1.788015344943283402e-01 2.376889254784868566e-01 2.734443828691654588e+00
1.788015344943283402e-01 2.376889254784868566e-01 2.934443828691654765e+00
1.788015344943283402e-01 2.376889254784868566e-01 3.134443828691654943e+00
1.788015344943283402e-01 2.376889254784868566e-01 3.334443828691655121e+00
1.788015344943283402e-01 2.376889254784868566e-01 3.534443828691655298e+00
1.788015344943283402e-01 2.376889254784868566e-01 3.734443828691655476e+00
1.788015344943283402e-01 2.376889254784868566e-01 3.934443828691655654e+00
1.788015344943283402e-01 2.376889254784868566e-01 4.134443828691655831e+00
1.788015344943283402e-01 2.376889254784868566e-01 4.334443828691656009e+00
1.788015344943283402e-01 4.376889254784868677e-01 1.534443828691653966e+00
1.788015344943283402e-01 4.376889254784868677e-01 1.734443828691653922e+00
1.788015344943283402e-01 4.376889254784868677e-01 1.934443828691653877e+00
1.788015344943283402e-01 4.376889254784868677e-01 2.134443828691654055e+00
1.788015344943283402e-01 4.376889254784868677e-01 2.334443828691654232e+00
1.788015344943283402e-01 4.376889254784868677e-01 2.534443828691654410e+00
1.788015344943283402e-01 4.376889254784868677e-01 2.734443828691654588e+00
1.788015344943283402e-01 4.376889254784868677e-01 2.934443828691654765e+00
1.788015344943283402e-01 4.376889254784868677e-01 3.134443828691654943e+00
1.788015344943283402e-01 4.376889254784868677e-01 3.334443828691655121e+00
1.788015344943283402e-01 4.376889254784868677e-01 3.534443828691655298e+00
1.788015344943283402e-01 4.376889254784868677e-01 3.734443828691655476e+00
1.788015344943283402e-01 4.376889254784868677e-01 3.934443828691655654e+00
1.788015344943283402e-01 4.376889254784868677e-01 4.134443828691655831e+00
1.788015344943283402e-01 4.376889254784868677e-01 4.334443828691656009e+00
1.788015344943283402e-01 6.376889254784868788e-01 1.734443828691653922e+00
1.788015344943283402e-01 6.376889254784868788e-01 1.934443828691653877e+00
1.788015344943283402e-01 6.376889254784868788e-01 2.134443828691654055e+00
1.788015344943283402e-01 6.376889254784868788e-01 2.334443828691654232e+00
1.788015344943283402e-01 6.376889254784868788e-01 2.534443828691654410e+00
1.788015344943283402e-01 6.376889254784868788e-01 2.734443828691654588e+00
1.788015344943283402e-01 6.376889254784868788e-01 2.934443828691654765e+00
1.788015344943283402e-01 6.376889254784868788e-01 3.134443828691654943e+00
1.788015344943283402e-01 6.376889254784868788e-01 3.334443828691655121e+00
1.788015344943283402e-01 6.376889254784868788e-01 3.534443828691655298e+00
1.788015344943283402e-01 6.376889254784868788e-01 3.734443828691655476e+00
1.788015344943283402e-01 6.376889254784868788e-01 3.934443828691655654e+00
1.788015344943283402e-01 6.376889254784868788e-01 4.134443828691655831e+00
1.788015344943283402e-01 6.376889254784868788e-01 4.334443828691656009e+00
1.788015344943283402e-01 8.376889254784869454e-01 1.934443828691653877e+00
1.788015344943283402e-01 8.376889254784869454e-01 2.134443828691654055e+00
1.788015344943283402e-01 8.376889254784869454e-01 2.334443828691654232e+00
1.788015344943283402e-01 8.376889254784869454e-01 2.534443828691654410e+00
1.788015344943283402e-01 8.376889254784869454e-01 2.734443828691654588e+00
1.788015344943283402e-01 8.376889254784869454e-01 2.934443828691654765e+00
1.788015344943283402e-01 8.376889254784869454e-01 3.134443828691654943e+00
1.788015344943283402e-01 8.376889254784869454e-01 3.334443828691655121e+00
1.788015344943283402e-01 8.376889254784869454e-01 3.534443828691655298e+00
1.788015344943283402e-01 8.376889254784869454e-01 3.734443828691655476e+00
1.788015344943283402e-01 8.376889254784869454e-01 3.934443828691655654e+00
1.788015344943283402e-01 1.037688925478486901e+00 2.534443828691654410e+00
1.788015344943283402e-01 1.037688925478486901e+00 2.734443828691654588e+00
1.788015344943283402e-01 1.037688925478486901e+00 2.934443828691654765e+00
1.788015344943283402e-01 1.037688925478486901e+00 3.134443828691654943e+00
1.788015344943283402e-01 1.037688925478486901e+00 3.334443828691655121e+00
3.788015344943283513e-01 -9.623110745215130990e-01 2.534443828691654410e+00
3.788015344943283513e-01 -9.623110745215130990e-01 2.734443828691654588e+00
3.788015344943283513e-01 -9.623110745215130990e-01 2.934443828691654765e+00
3.788015344943283513e-01 -9.623110745215130990e-01 3.134443828691654943e+00
3.788015344943283513e-01 -9.623110745215130990e-01 3.334443828691655121e+00
3.788015344943283513e-01 -9.623110745215130990e-01 3.534443828691655298e+00
3.788015344943283513e-01 -9.623110745215130990e-01 3.734443828691655476e+00
3.788015344943283513e-01 -7.623110745215131434e-01 1.934443828691653877e+00
3.788015344943283513e-01 -7.623110745215131434e-01 2.134443828691654055e+00
3.788015344943283513e-01 -7.623110745215131434e-01 2.334443828691654232e+00
3.788015344943283513e-01 -7.623110745215131434e-01 2.534443828691654410e+00
3.788015344943283513e-01 -7.623110745215131434e-01 2.734443828691654588e+00
3.788015344943283513e-01 -7.623110745215131434e-01 2.934443828691654765e+00
3.788015344943283513e-01 -7.623110745215131434e-01 3.134443828691654943e+00
3.788015344943283513e-01 -7.623110745215131434e-01 3.334443828691655121e+00
3.788015344943283513e-01 -7.623110745215131434e-01 3.534443828691655298e+00
3.788015344943283513e-01 -7.623110745215131434e-01 3.734443828691655476e+00
3.788015344943283513e-01 -7.623110745215131434e-01 3.934443828691655654e+00
3.788015344943283513e-01 -7.623110745215131434e-01 4.134443828691655831e+00
3.788015344943283513e-01 -7.623110745215131434e-01 4.334443828691656009e+00
3.788015344943283513e-01 -5.623110745215131878e-01 1.934443828691653877e+00
3.788015344943283513e-01 -5.623110745215131878e-01 2.134443828691654055e+00
3.788015344943283513e-01 -5.623110745215131878e-01 2.334443828691654232e+00
3.788015344943283513e-01 -5.623110745215131878e-01 2.534443828691654410e+00
3.788015344943283513e-01 -5.623110745215131878e-01 2.734443828691654588e+00
3.788015344943283513e-01 -5.623110745215131878e-01 2.934443828691654765e+00
3.788015344943283513e-01 -5.623110745215131878e-01 3.134443828691654943e+00
3.788015344943283513e-01 -5.623110745215131878e-01 3.334443828691655121e+00
3.788015344943283513e-01 -5.623110745215131878e-01 3.534443828691655298e+00
3.788015344943283513e-01 -5.623110745215131878e-01 3.734443828691655476e+00
3.788015344943283513e-01 -5.623110745215131878e-01 3.934443828691655654e+00
3.788015344943283513e-01 -5.623110745215131878e-01 4.134443828691655831e+00
3.788015344943283513e-01 -5.623110745215131878e-01 4.334443828691656009e+00
3.788015344943283513e-01 -3.623110745215131767e-01 1.734443828691653922e+00
3.788015344943283513e-01 -3.623110745215131767e-01 1.934443828691653877e+00
3.788015344943283513e-01 -3.623110745215131767e-01 2.134443828691654055e+00
3.788015344943283513e-01 -3.623110745215131767e-01 2.334443828691654232e+00
3.788015344943283513e-01 -3.623110745215131767e-01 2.534443828691654410e+00
3.788015344943283513e-01 -3.623110745215131767e-01 2.734443828691654588e+00
3.788015344943283513e-01 -3.623110745215131767e-01 2.934443828691654765e+00
3.788015344943283513e-01 -3.623110745215131767e-01 3.134443828691654943e+00
3.788015344943283513e-01 -3.623110745215131767e-01 3.334443828691655121e+00
3.788015344943283513e-01 -3.623110745215131767e-01 3.534443828691655298e+00
3.788015344943283513e-01 -3.623110745215131767e-01 3.734443828691655476e+00
3.788015344943283513e-01 -3.623110745215131767e-01 3.934443828691655654e+00
3.788015344943283513e-01 -3.623110745215131767e-01 4.134443828691655831e+00
3.788015344943283513e-01 -3.623110745215131767e-01 4.334443828691656009e+00
3.788015344943283513e-01 -1.623110745215131656e-01 1.734443828691653922e+00
3.788015344943283513e-01 -1.623110745215131656e-01 1.934443828691653877e+00
3.788015344943283513e-01 -1.623110745215131656e-01 2.134443828691654055e+00
3.788015344943283513e-01 -1.623110745215131656e-01 2.334443828691654232e+00
3.788015344943283513e-01 -1.623110745215131656e-01 2.534443828691654410e+00
3.788015344943283513e-01 -1.623110745215131656e-01 2.734443828691654588e+00
3.788015344943283513e-01 -1.623110745215131656e-01 2.934443828691654765e+00
3.788015344943283513e-01 -1.623110745215131656e-01 3.134443828691654943e+00
3.788015344943283513e-01 -1.623110745215131656e-01 3.334443828691655121e+00
3.788015344943283513e-01 -1.623110745215131656e-01 3.534443828691655298e+00
3.788015344943283513e-01 -1.623110745215131656e-01 3.734443828691655476e+00
3.788015344943283513e-01 -1.623110745215131656e-01 3.934443828691655654e+00
3.788015344943283513e-01 -1.623110745215131656e-01 4.134443828691655831e+00
3.788015344943283513e-01 -1.623110745215131656e-01 4.334443828691656009e+00
3.788015344943283513e-01 3.768892547848684549e-02 1.734443828691653922e+00
3.788015344943283513e-01 3.768892547848684549e-02 1.934443828691653877e+00
3.788015344943283513e-01 3.768892547848684549e-02 2.134443828691654055e+00
3.788015344943283513e-01 3.768892547848684549e-02 2.334443828691654232e+00
3.788015344943283513e-01 3.768892547848684549e-02 2.534443828691654410e+00
3.788015344943283513e-01 3.768892547848684549e-02 2.734443828691654588e+00
3.788015344943283513e-01 3.768892547848684549e-02 2.934443828691654765e+00
3.788015344943283513e-01 3.768892547848684549e-02 3.134443828691654943e+00
3.788015344943283513e-01 3.768892547848684549e-02 3.334443828691655121e+00
3.788015344943283513e-01 3.768892547848684549e-02 3.534443828691655298e+00
3.788015344943283513e-01 3.768892547848684549e-02 3.734443828691655476e+00
3.788015344943283513e-01 3.768892547848684549e-02 3.934443828691655654e+00
3.788015344943283513e-01 3.768892547848684549e-02 4.134443828691655831e+00
3.788015344943283513e-01 3.768892547848684549e-02 4.334443828691656009e+00
3.788015344943283513e-01 2.376889254784868566e-01 1.734443828691653922e+00
3.788015344943283513e-01 2.376889254784868566e-01 1.934443828691653877e+00
3.788015344943283513e-01 2.376889254784868566e-01 2.134443828691654055e+00
3.788015344943283513e-01 2.376889254784868566e-01 2.334443828691654232e+00
3.788015344943283513e-01 2.376889254784868566e-01 2.534443828691654410e+00
3.788015344943283513e-01 2.376889254784868566e-01 2.734443828691654588e+00
3.788015344943283513e-01 2.376889254784868566e-01 2.934443828691654765e+00
3.788015344943283513e-01 2.376889254784868566e-01 3.134443828691654943e+00
3.788015344943283513e-01 2.376889254784868566e-01 3.334443828691655121e+00
3.788015344943283513e-01 2.376889254784868566e-01 3.534443828691655298e+00
3.788015344943283513e-01 2.376889254784868566e-01 3.734443828691655476e+00
3.788015344943283513e-01 2.376889254784868566e-01 3.934443828691655654e+00
3.788015344943283513e-01 2.376889254784868566e-01 4.134443828691655831e+00
3.788015344943283513e-01 2.376889254784868566e-01 4.334443828691656009e+00
3.788015344943283513e-01 4.376889254784868677e-01 1.934443828691653877e+00
3.788015344943283513e-01 4.376889254784868677e-01 2.134443828691654055e+00
3.788015344943283513e-01 4.376889254784868677e-01 2.334443828691654232e+00
3.788015344943283513e-01 4.376889254784868677e-01 2.534443828691654410e+00
3.788015344943283513e-01 4.376889254784868677e-01 2.734443828691654588e+00
3.788015344943283513e-01 4.376889254784868677e-01 2.934443828691654765e+00
3.788015344943283513e-01 4.376889254784868677e-01 3.134443828691654943e+00
3.788015344943283513e-01 4.376889254784868677e-01 3.334443828691655121e+00
3.788015344943283513e-01 4.376889254784868677e-01 3.534443828691655298e+00
3.788015344943283513e-01 4.376889254784868677e-01 3.734443828691655476e+00
3.788015344943283513e-01 4.376889254784868677e-01 3.934443828691655654e+00
3.788015344943283513e-01 4.376889254784868677e-01 4.134443828691655831e+00
3.788015344943283513e-01 4.376889254784868677e-01 4.334443828691656009e+00
3.788015344943283513e-01 6.376889254784868788e-01 1.934443828691653877e+00
3.788015344943283513e-01 6.376889254784868788e-01 2.134443828691654055e+00
3.788015344943283513e-01 6.376889254784868788e-01 2.334443828691654232e+00
3.788015344943283513e-01 6.376889254784868788e-01 2.534443828691654410e+00
3.788015344943283513e-01 6.376889254784868788e-01 2.734443828691654588e+00
3.788015344943283513e-01 6.376889254784868788e-01 2.934443828691654765e+00
3.788015344943283513e-01 6.376889254784868788e-01 3.134443828691654943e+00
3.788015344943283513e-01 6.376889254784868788e-01 3.334443828691655121e+00
3.788015344943283513e-01 6.376889254784868788e-01 3.534443828691655298e+00
3.788015344943283513e-01 6.376889254784868788e-01 3.734443828691655476e+00
3.788015344943283513e-01 6.376889254784868788e-01 3.934443828691655654e+00
3.788015344943283513e-01 6.376889254784868788e-01 4.134443828691655831e+00
3.788015344943283513e-01 6.376889254784868788e-01 4.334443828691656009e+00
3.788015344943283513e-01 8.376889254784869454e-01 2.134443828691654055e+00
3.788015344943283513e-01 8.376889254784869454e-01 2.334443828691654232e+00
3.788015344943283513e-01 8.376889254784869454e-01 2.534443828691654410e+00
3.788015344943283513e-01 8.376889254784869454e-01 2.734443828691654588e+00
3.788015344943283513e-01 8.376889254784869454e-01 2.934443828691654765e+00
3.788015344943283513e-01 8.376889254784869454e-01 3.134443828691654943e+00
3.788015344943283513e-01 8.376889254784869454e-01 3.334443828691655121e+00
3.788015344943283513e-01 8.376889254784869454e-01 3.534443828691655298e+00
3.788015344943283513e-01 8.376889254784869454e-01 3.734443828691655476e+00
3.788015344943283513e-01 8.376889254784869454e-01 3.934443828691655654e+00
3.788015344943283513e-01 8.376889254784869454e-01 4.134443828691655831e+00
5.788015344943283624e-01 -9.623110745215130990e-01 3.134443828691654943e+00
5.788015344943283624e-01 -9.623110745215130990e-01 3.334443828691655121e+00
5.788015344943283624e-01 -7.623110745215131434e-01 2.334443828691654232e+00
5.788015344943283624e-01 -7.623110745215131434e-01 2.534443828691654410e+00
5.788015344943283624e-01 -7.623110745215131434e-01 2.734443828691654588e+00
5.788015344943283624e-01 -7.623110745215131434e-01 2.934443828691654765e+00
5.788015344943283624e-01 -7.623110745215131434e-01 3.134443828691654943e+00
5.788015344943283624e-01 -7.623110745215131434e-01 3.334443828691655121e+00
5.788015344943283624e-01 -7.623110745215131434e-01 3.534443828691655298e+00
5.788015344943283624e-01 -7.623110745215131434e-01 3.734443828691655476e+00
5.788015344943283624e-01 -7.623110745215131434e-01 3.934443828691655654e+00
5.788015344943283624e-01 -7.623110745215131434e-01 4.134443828691655831e+00
5.788015344943283624e-01 -7.623110745215131434e-01 4.334443828691656009e+00
5.788015344943283624e-01 -7.623110745215131434e-01 4.534443828691656186e+00
5.788015344943283624e-01 -5.623110745215131878e-01 2.134443828691654055e+00
5.788015344943283624e-01 -5.623110745215131878e-01 2.334443828691654232e+00
5.788015344943283624e-01 -5.623110745215131878e-01 2.534443828691654410e+00
5.788015344943283624e-01 -5.623110745215131878e-01 2.734443828691654588e+00
5.788015344943283624e-01 -5.623110745215131878e-01 2.934443828691654765e+00
5.788015344943283624e-01 -5.623110745215131878e-01 3.134443828691654943e+00
5.788015344943283624e-01 -5.623110745215131878e-01 3.334443828691655121e+00
5.788015344943283624e-01 -5.623110745215131878e-01 3.534443828691655298e+00
5.788015344943283624e-01 -5.623110745215131878e-01 3.734443828691655476e+00
5.788015344943283624e-01 -5.623110745215131878e-01 3.934443828691655654e+00
5.788015344943283624e-01 -5.623110745215131878e-01 4.134443828691655831e+00
5.788015344943283624e-01 -5.623110745215131878e-01 4.334443828691656009e+00
5.788015344943283624e-01 -5.623110745215131878e-01 4.534443828691656186e+00
5.788015344943283624e-01 -3.623110745215131767e-01 2.134443828691654055e+00
5.788015344943283624e-01 -3.623110745215131767e-01 2.334443828691654232e+00
5.788015344943283624e-01 -3.623110745215131767e-01 2.534443828691654410e+00
5.788015344943283624e-01 -3.623110745215131767e-01 2.734443828691654588e+00
5.788015344943283624e-01 -3.623110745215131767e-01 2.934443828691654765e+00
5.788015344943283624e-01 -3.623110745215131767e-01 3.134443828691654943e+00
5.788015344943283624e-01 -3.623110745215131767e-01 3.334443828691655121e+00
5.788015344943283624e-01 -3.623110745215131767e-01 3.534443828691655298e+00
5.788015344943283624e-01 -3.623110745215131767e-01 3.734443828691655476e+00
5.788015344943283624e-01 -3.623110745215131767e-01 3.934443828691655654e+00
5.788015344943283624e-01 -3.623110745215131767e-01 4.134443828691655831e+00
5.788015344943283624e-01 -3.623110745215131767e-01 4.334443828691656009e+00
5.788015344943283624e-01 -3.623110745215131767e-01 4.534443828691656186e+00
5.788015344943283624e-01 -1.623110745215131656e-01 2.134443828691654055e+00
5.788015344943283624e-01 -1.623110745215131656e-01 2.334443828691654232e+00
5.788015344943283624e-01 -1.623110745215131656e-01 2.534443828691654410e+00
5.788015344943283624e-01 -1.623110745215131656e-01 2.734443828691654588e+00
5.788015344943283624e-01 -1.623110745215131656e-01 2.934443828691654765e+00
5.788015344943283624e-01 -1.623110745215131656e-01 3.134443828691654943e+00
5.788015344943283624e-01 -1.623110745215131656e-01 3.334443828691655121e+00
5.788015344943283624e-01 -1.623110745215131656e-01 3.534443828691655298e+00
5.788015344943283624e-01 -1.623110745215131656e-01 3.734443828691655476e+00
5.788015344943283624e-01 -1.623110745215131656e-01 3.934443828691655654e+00
5.788015344943283624e-01 -1.623110745215131656e-01 4.134443828691655831e+00
5.788015344943283624e-01 -1.623110745215131656e-01 4.334443828691656009e+00
5.788015344943283624e-01 -1.623110745215131656e-01 4.534443828691656186e+00
5.788015344943283624e-01 3.768892547848684549e-02 2.134443828691654055e+00
5.788015344943283624e-01 3.768892547848684549e-02 2.334443828691654232e+00
5.788015344943283624e-01 3.768892547848684549e-02 2.534443828691654410e+00
5.788015344943283624e-01 3.768892547848684549e-02 2.734443828691654588e+00
5.788015344943283624e-01 3.768892547848684549e-02 2.934443828691654765e+00
5.788015344943283624e-01 3.768892547848684549e-02 3.134443828691654943e+00
5.788015344943283624e-01 3.768892547848684549e-02 3.334443828691655121e+00
5.788015344943283624e-01 3.768892547848684549e-02 3.534443828691655298e+00
5.788015344943283624e-01 3.768892547848684549e-02 3.734443828691655476e+00
5.788015344943283624e-01 3.768892547848684549e-02 3.934443828691655654e+00
5.788015344943283624e-01 3.768892547848684549e-02 4.134443828691655831e+00
5.788015344943283624e-01 3.768892547848684549e-02 4.334443828691656009e+00
5.788015344943283624e-01 3.768892547848684549e-02 4.534443828691656186e+00
5.788015344943283624e-01 2.376889254784868566e-01 2.134443828691654055e+00
5.788015344943283624e-01 2.376889254784868566e-01 2.334443828691654232e+00
5.788015344943283624e-01 2.376889254784868566e-01 2.534443828691654410e+00
5.788015344943283624e-01 2.376889254784868566e-01 2.734443828691654588e+00
5.788015344943283624e-01 2.376889254784868566e-01 2.934443828691654765e+00
5.788015344943283624e-01 2.376889254784868566e-01 3.134443828691654943e+00
5.788015344943283624e-01 2.376889254784868566e-01 3.334443828691655121e+00
5.788015344943283624e-01 2.376889254784868566e-01 3.534443828691655298e+00
5.788015344943283624e-01 2.376889254784868566e-01 3.734443828691655476e+00
5.788015344943283624e-01 2.376889254784868566e-01 3.934443828691655654e+00
5.788015344943283624e-01 2.376889254784868566e-01 4.134443828691655831e+00
5.788015344943283624e-01 2.376889254784868566e-01 4.334443828691656009e+00
5.788015344943283624e-01 2.376889254784868566e-01 4.534443828691656186e+00
5.788015344943283624e-01 4.376889254784868677e-01 2.134443828691654055e+00
5.788015344943283624e-01 4.376889254784868677e-01 2.334443828691654232e+00
5.788015344943283624e-01 4.376889254784868677e-01 2.534443828691654410e+00
5.788015344943283624e-01 4.376889254784868677e-01 2.734443828691654588e+00
5.788015344943283624e-01 4.376889254784868677e-01 2.934443828691654765e+00
5.788015344943283624e-01 4.376889254784868677e-01 3.134443828691654943e+00
5.788015344943283624e-01 4.376889254784868677e-01 3.334443828691655121e+00
5.788015344943283624e-01 4.376889254784868677e-01 3.534443828691655298e+00
5.788015344943283624e-01 4.376889254784868677e-01 3.734443828691655476e+00
5.788015344943283624e-01 4.376889254784868677e-01 3.934443828691655654e+00
5.788015344943283624e-01 4.376889254784868677e-01 4.134443828691655831e+00
5.788015344943283624e-01 4.376889254784868677e-01 4.334443828691656009e+00
5.788015344943283624e-01 4.376889254784868677e-01 4.534443828691656186e+00
5.788015344943283624e-01 6.376889254784868788e-01 2.134443828691654055e+00
5.788015344943283624e-01 6.376889254784868788e-01 2.334443828691654232e+00
5.788015344943283624e-01 6.376889254784868788e-01 2.534443828691654410e+00
5.788015344943283624e-01 6.376889254784868788e-01 2.734443828691654588e+00
5.788015344943283624e-01 6.376889254784868788e-01 2.934443828691654765e+00
5.788015344943283624e-01 6.376889254784868788e-01 3.134443828691654943e+00
5.788015344943283624e-01 6.376889254784868788e-01 3.334443828691655121e+00
5.788015344943283624e-01 6.376889254784868788e-01 3.534443828691655298e+00
5.788015344943283624e-01 6.376889254784868788e-01 3.734443828691655476e+00
5.788015344943283624e-01 6.376889254784868788e-01 3.934443828691655654e+00
5.788015344943283624e-01 6.376889254784868788e-01 4.134443828691655831e+00
5.788015344943283624e-01 6.376889254784868788e-01 4.334443828691656009e+00
5.788015344943283624e-01 6.376889254784868788e-01 4.534443828691656186e+00
5.788015344943283624e-01 8.376889254784869454e-01 2.334443828691654232e+00
5.788015344943283624e-01 8.376889254784869454e-01 2.534443828691654410e+00
5.788015344943283624e-01 8.376889254784869454e-01 2.734443828691654588e+00
5.788015344943283624e-01 8.376889254784869454e-01 2.934443828691654765e+00
5.788015344943283624e-01 8.376889254784869454e-01 3.134443828691654943e+00
5.788015344943283624e-01 8.376889254784869454e-01 3.334443828691655121e+00
5.788015344943283624e-01 8.376889254784869454e-01 3.534443828691655298e+00
5.788015344943283624e-01 8.376889254784869454e-01 3.734443828691655476e+00
5.788015344943283624e-01 8.376889254784869454e-01 3.934443828691655654e+00
5.788015344943283624e-01 8.376889254784869454e-01 4.134443828691655831e+00
7.788015344943284290e-01 -7.623110745215131434e-01 2.734443828691654588e+00
7.788015344943284290e-01 -7.623110745215131434e-01 2.934443828691654765e+00
7.788015344943284290e-01 -7.623110745215131434e-01 3.134443828691654943e+00
7.788015344943284290e-01 -7.623110745215131434e-01 3.334443828691655121e+00
7.788015344943284290e-01 -7.623110745215131434e-01 3.534443828691655298e+00
7.788015344943284290e-01 -7.623110745215131434e-01 3.734443828691655476e+00
7.788015344943284290e-01 -7.623110745215131434e-01 3.934443828691655654e+00
7.788015344943284290e-01 -7.623110745215131434e-01 4.134443828691655831e+00
7.788015344943284290e-01 -7.623110745215131434e-01 4.334443828691656009e+00
7.788015344943284290e-01 -7.623110745215131434e-01 4.534443828691656186e+00
7.788015344943284290e-01 -5.623110745215131878e-01 2.534443828691654410e+00
7.788015344943284290e-01 -5.623110745215131878e-01 2.734443828691654588e+00
7.788015344943284290e-01 -5.623110745215131878e-01 2.934443828691654765e+00
7.788015344943284290e-01 -5.623110745215131878e-01 3.134443828691654943e+00
7.788015344943284290e-01 -5.623110745215131878e-01 3.334443828691655121e+00
7.788015344943284290e-01 -5.623110745215131878e-01 3.534443828691655298e+00
7.788015344943284290e-01 -5.623110745215131878e-01 3.734443828691655476e+00
7.788015344943284290e-01 -5.623110745215131878e-01 3.934443828691655654e+00
7.788015344943284290e-01 -5.623110745215131878e-01 4.134443828691655831e+00
7.788015344943284290e-01 -5.623110745215131878e-01 4.334443828691656009e+00
7.788015344943284290e-01 -5.623110745215131878e-01 4.534443828691656186e+00
7.788015344943284290e-01 -3.623110745215131767e-01 2.534443828691654410e+00
7.788015344943284290e-01 -3.623110745215131767e-01 2.734443828691654588e+00
7.788015344943284290e-01 -3.623110745215131767e-01 2.934443828691654765e+00
7.788015344943284290e-01 -3.623110745215131767e-01 3.134443828691654943e+00
7.788015344943284290e-01 -3.623110745215131767e-01 3.334443828691655121e+00
7.788015344943284290e-01 -3.623110745215131767e-01 3.534443828691655298e+00
7.788015344943284290e-01 -3.623110745215131767e-01 3.734443828691655476e+00
7.788015344943284290e-01 -3.623110745215131767e-01 3.934443828691655654e+00
7.788015344943284290e-01 -3.623110745215131767e-01 4.134443828691655831e+00
7.788015344943284290e-01 -3.623110745215131767e-01 4.334443828691656009e+00
7.788015344943284290e-01 -3.623110745215131767e-01 4.534443828691656186e+00
7.788015344943284290e-01 -1.623110745215131656e-01 2.534443828691654410e+00
7.788015344943284290e-01 -1.623110745215131656e-01 2.734443828691654588e+00
7.788015344943284290e-01 -1.623110745215131656e-01 2.934443828691654765e+00
7.788015344943284290e-01 -1.623110745215131656e-01 3.134443828691654943e+00
7.788015344943284290e-01 -1.623110745215131656e-01 3.334443828691655121e+00
7.788015344943284290e-01 -1.623110745215131656e-01 3.534443828691655298e+00
7.788015344943284290e-01 -1.623110745215131656e-01 3.734443828691655476e+00
7.788015344943284290e-01 -1.623110745215131656e-01 3.934443828691655654e+00
7.788015344943284290e-01 -1.623110745215131656e-01 4.134443828691655831e+00
7.788015344943284290e-01 -1.623110745215131656e-01 4.334443828691656009e+00
7.788015344943284290e-01 -1.623110745215131656e-01 4.534443828691656186e+00
7.788015344943284290e-01 3.768892547848684549e-02 2.534443828691654410e+00
7.788015344943284290e-01 3.768892547848684549e-02 2.734443828691654588e+00
7.788015344943284290e-01 3.768892547848684549e-02 2.934443828691654765e+00
7.788015344943284290e-01 3.768892547848684549e-02 3.134443828691654943e+00
7.788015344943284290e-01 3.768892547848684549e-02 3.334443828691655121e+00
7.788015344943284290e-01 3.768892547848684549e-02 3.534443828691655298e+00
7.788015344943284290e-01 3.768892547848684549e-02 3.734443828691655476e+00
7.788015344943284290e-01 3.768892547848684549e-02 3.934443828691655654e+00
7.788015344943284290e-01 3.768892547848684549e-02 4.134443828691655831e+00
7.788015344943284290e-01 3.768892547848684549e-02 4.334443828691656009e+00
7.788015344943284290e-01 3.768892547848684549e-02 4.534443828691656186e+00
7.788015344943284290e-01 2.376889254784868566e-01 2.534443828691654410e+00
7.788015344943284290e-01 2.376889254784868566e-01 2.734443828691654588e+00
7.788015344943284290e-01 2.376889254784868566e-01 2.934443828691654765e+00
7.788015344943284290e-01 2.376889254784868566e-01 3.134443828691654943e+00
7.788015344943284290e-01 2.376889254784868566e-01 3.334443828691655121e+00
7.788015344943284290e-01 2.376889254784868566e-01 3.534443828691655298e+00
7.788015344943284290e-01 2.376889254784868566e-01 3.734443828691655476e+00
7.788015344943284290e-01 2.376889254784868566e-01 3.934443828691655654e+00
7.788015344943284290e-01 2.376889254784868566e-01 4.134443828691655831e+00
7.788015344943284290e-01 2.376889254784868566e-01 4.334443828691656009e+00
7.788015344943284290e-01 2.376889254784868566e-01 4.534443828691656186e+00
7.788015344943284290e-01 4.376889254784868677e-01 2.534443828691654410e+00
7.788015344943284290e-01 4.376889254784868677e-01 2.734443828691654588e+00
7.788015344943284290e-01 4.376889254784868677e-01 2.934443828691654765e+00
7.788015344943284290e-01 4.376889254784868677e-01 3.134443828691654943e+00
7.788015344943284290e-01 4.376889254784868677e-01 3.334443828691655121e+00
7.788015344943284290e-01 4.376889254784868677e-01 3.534443828691655298e+00
7.788015344943284290e-01 4.376889254784868677e-01 3.734443828691655476e+00
7.788015344943284290e-01 4.376889254784868677e-01 3.934443828691655654e+00
7.788015344943284290e-01 4.376889254784868677e-01 4.134443828691655831e+00
7.788015344943284290e-01 4.376889254784868677e-01 4.334443828691656009e+00
7.788015344943284290e-01 4.376889254784868677e-01 4.534443828691656186e+00
7.788015344943284290e-01 6.376889254784868788e-01 2.534443828691654410e+00
7.788015344943284290e-01 6.376889254784868788e-01 2.734443828691654588e+00
7.788015344943284290e-01 6.376889254784868788e-01 2.934443828691654765e+00
7.788015344943284290e-01 6.376889254784868788e-01 3.134443828691654943e+00
7.788015344943284290e-01 6.376889254784868788e-01 3.334443828691655121e+00
7.788015344943284290e-01 6.376889254784868788e-01 3.534443828691655298e+00
7.788015344943284290e-01 6.376889254784868788e-01 3.734443828691655476e+00
7.788015344943284290e-01 6.376889254784868788e-01 3.934443828691655654e+00
7.788015344943284290e-01 6.376889254784868788e-01 4.134443828691655831e+00
7.788015344943284290e-01 6.376889254784868788e-01 4.334443828691656009e+00
7.788015344943284290e-01 6.376889254784868788e-01 4.534443828691656186e+00
7.788015344943284290e-01 8.376889254784869454e-01 2.734443828691654588e+00
7.788015344943284290e-01 8.376889254784869454e-01 2.934443828691654765e+00
7.788015344943284290e-01 8.376889254784869454e-01 3.134443828691654943e+00
7.788015344943284290e-01 8.376889254784869454e-01 3.334443828691655121e+00
7.788015344943284290e-01 8.376889254784869454e-01 3.534443828691655298e+00
7.788015344943284290e-01 8.376889254784869454e-01 3.734443828691655476e+00
7.788015344943284290e-01 8.376889254784869454e-01 3.934443828691655654e+00
7.788015344943284290e-01 8.376889254784869454e-01 4.134443828691655831e+00
9.788015344943283846e-01 -7.623110745215131434e-01 2.934443828691654765e+00
9.788015344943283846e-01 -7.623110745215131434e-01 3.134443828691654943e+00
9.788015344943283846e-01 -7.623110745215131434e-01 3.334443828691655121e+00
9.788015344943283846e-01 -7.623110745215131434e-01 3.534443828691655298e+00
9.788015344943283846e-01 -7.623110745215131434e-01 3.734443828691655476e+00
9.788015344943283846e-01 -7.623110745215131434e-01 3.934443828691655654e+00
9.788015344943283846e-01 -7.623110745215131434e-01 4.134443828691655831e+00
9.788015344943283846e-01 -7.623110745215131434e-01 4.334443828691656009e+00
9.788015344943283846e-01 -5.623110745215131878e-01 2.934443828691654765e+00
9.788015344943283846e-01 -5.623110745215131878e-01 3.134443828691654943e+00
9.788015344943283846e-01 -5.623110745215131878e-01 3.334443828691655121e+00
9.788015344943283846e-01 -5.623110745215131878e-01 3.534443828691655298e+00
9.788015344943283846e-01 -5.623110745215131878e-01 3.734443828691655476e+00
9.788015344943283846e-01 -5.623110745215131878e-01 3.934443828691655654e+00
9.788015344943283846e-01 -5.623110745215131878e-01 4.134443828691655831e+00
9.788015344943283846e-01 -5.623110745215131878e-01 4.334443828691656009e+00
9.788015344943283846e-01 -5.623110745215131878e-01 4.534443828691656186e+00
9.788015344943283846e-01 -3.623110745215131767e-01 2.934443828691654765e+00
9.788015344943283846e-01 -3.623110745215131767e-01 3.134443828691654943e+00
9.788015344943283846e-01 -3.623110745215131767e-01 3.334443828691655121e+00
9.788015344943283846e-01 -3.623110745215131767e-01 3.534443828691655298e+00
9.788015344943283846e-01 -3.623110745215131767e-01 3.734443828691655476e+00
9.788015344943283846e-01 -3.623110745215131767e-01 3.934443828691655654e+00
9.788015344943283846e-01 -3.623110745215131767e-01 4.134443828691655831e+00
9.788015344943283846e-01 -3.623110745215131767e-01 4.334443828691656009e+00
9.788015344943283846e-01 -3.623110745215131767e-01 4.534443828691656186e+00
9.788015344943283846e-01 -1.623110745215131656e-01 2.734443828691654588e+00
9.788015344943283846e-01 -1.623110745215131656e-01 2.934443828691654765e+00
9.788015344943283846e-01 -1.623110745215131656e-01 3.134443828691654943e+00
9.788015344943283846e-01 -1.623110745215131656e-01 3.334443828691655121e+00
9.788015344943283846e-01 -1.623110745215131656e-01 3.534443828691655298e+00
9.788015344943283846e-01 -1.623110745215131656e-01 3.734443828691655476e+00
9.788015344943283846e-01 -1.623110745215131656e-01 3.934443828691655654e+00
9.788015344943283846e-01 -1.623110745215131656e-01 4.134443828691655831e+00
9.788015344943283846e-01 -1.623110745215131656e-01 4.334443828691656009e+00
9.788015344943283846e-01 -1.623110745215131656e-01 4.534443828691656186e+00
9.788015344943283846e-01 3.768892547848684549e-02 2.734443828691654588e+00
9.788015344943283846e-01 3.768892547848684549e-02 2.934443828691654765e+00
9.788015344943283846e-01 3.768892547848684549e-02 3.134443828691654943e+00
9.788015344943283846e-01 3.768892547848684549e-02 3.334443828691655121e+00
9.788015344943283846e-01 3.768892547848684549e-02 3.534443828691655298e+00
9.788015344943283846e-01 3.768892547848684549e-02 3.734443828691655476e+00
9.788015344943283846e-01 3.768892547848684549e-02 3.934443828691655654e+00
9.788015344943283846e-01 3.768892547848684549e-02 4.134443828691655831e+00
9.788015344943283846e-01 3.768892547848684549e-02 4.334443828691656009e+00
9.788015344943283846e-01 3.768892547848684549e-02 4.534443828691656186e+00
9.788015344943283846e-01 2.376889254784868566e-01 2.934443828691654765e+00
9.788015344943283846e-01 2.376889254784868566e-01 3.134443828691654943e+00
9.788015344943283846e-01 2.376889254784868566e-01 3.334443828691655121e+00
9.788015344943283846e-01 2.376889254784868566e-01 3.534443828691655298e+00
9.788015344943283846e-01 2.376889254784868566e-01 3.734443828691655476e+00
9.788015344943283846e-01 2.376889254784868566e-01 3.934443828691655654e+00
9.788015344943283846e-01 2.376889254784868566e-01 4.134443828691655831e+00
9.788015344943283846e-01 2.376889254784868566e-01 4.334443828691656009e+00
9.788015344943283846e-01 2.376889254784868566e-01 4.534443828691656186e+00
9.788015344943283846e-01 4.376889254784868677e-01 2.934443828691654765e+00
9.788015344943283846e-01 4.376889254784868677e-01 3.134443828691654943e+00
9.788015344943283846e-01 4.376889254784868677e-01 3.334443828691655121e+00
9.788015344943283846e-01 4.376889254784868677e-01 3.534443828691655298e+00
9.788015344943283846e-01 4.376889254784868677e-01 3.734443828691655476e+00
9.788015344943283846e-01 4.376889254784868677e-01 3.934443828691655654e+00
9.788015344943283846e-01 4.376889254784868677e-01 4.134443828691655831e+00
9.788015344943283846e-01 4.376889254784868677e-01 4.334443828691656009e+00
9.788015344943283846e-01 4.376889254784868677e-01 4.534443828691656186e+00
9.788015344943283846e-01 6.376889254784868788e-01 2.934443828691654765e+00
9.788015344943283846e-01 6.376889254784868788e-01 3.134443828691654943e+00
9.788015344943283846e-01 6.376889254784868788e-01 3.334443828691655121e+00
9.788015344943283846e-01 6.376889254784868788e-01 3.534443828691655298e+00
9.788015344943283846e-01 6.376889254784868788e-01 3.734443828691655476e+00
9.788015344943283846e-01 6.376889254784868788e-01 3.934443828691655654e+00
9.788015344943283846e-01 6.376889254784868788e-01 4.134443828691655831e+00
9.788015344943283846e-01 6.376889254784868788e-01 4.334443828691656009e+00
9.788015344943283846e-01 6.376889254784868788e-01 4.534443828691656186e+00
9.788015344943283846e-01 8.376889254784869454e-01 3.334443828691655121e+00
9.788015344943283846e-01 8.376889254784869454e-01 3.534443828691655298e+00
9.788015344943283846e-01 8.376889254784869454e-01 3.734443828691655476e+00
9.788015344943283846e-01 8.376889254784869454e-01 3.934443828691655654e+00
9.788015344943283846e-01 8.376889254784869454e-01 4.134443828691655831e+00
1.178801534494328340e+00 -7.623110745215131434e-01 3.334443828691655121e+00
1.178801534494328340e+00 -7.623110745215131434e-01 3.534443828691655298e+00
1.178801534494328340e+00 -7.623110745215131434e-01 3.734443828691655476e+00
1.178801534494328340e+00 -7.623110745215131434e-01 3.934443828691655654e+00
1.178801534494328340e+00 -7.623110745215131434e-01 4.134443828691655831e+00
1.178801534494328340e+00 -7.623110745215131434e-01 4.334443828691656009e+00
1.178801534494328340e+00 -5.623110745215131878e-01 3.134443828691654943e+00
1.178801534494328340e+00 -5.623110745215131878e-01 3.334443828691655121e+00
1.178801534494328340e+00 -5.623110745215131878e-01 3.534443828691655298e+00
1.178801534494328340e+00 -5.623110745215131878e-01 3.734443828691655476e+00
1.178801534494328340e+00 -5.623110745215131878e-01 3.934443828691655654e+00
1.178801534494328340e+00 -5.623110745215131878e-01 4.134443828691655831e+00
1.178801534494328340e+00 -5.623110745215131878e-01 4.334443828691656009e+00
1.178801534494328340e+00 -3.623110745215131767e-01 3.134443828691654943e+00
1.178801534494328340e+00 -3.623110745215131767e-01 3.334443828691655121e+00
1.178801534494328340e+00 -3.623110745215131767e-01 3.534443828691655298e+00
1.178801534494328340e+00 -3.623110745215131767e-01 3.734443828691655476e+00
1.178801534494328340e+00 -3.623110745215131767e-01 3.934443828691655654e+00
1.178801534494328340e+00 -3.623110745215131767e-01 4.134443828691655831e+00
1.178801534494328340e+00 -3.623110745215131767e-01 4.334443828691656009e+00
1.178801534494328340e+00 -1.623110745215131656e-01 3.134443828691654943e+00
1.178801534494328340e+00 -1.623110745215131656e-01 3.334443828691655121e+00
1.178801534494328340e+00 -1.623110745215131656e-01 3.534443828691655298e+00
1.178801534494328340e+00 -1.623110745215131656e-01 3.734443828691655476e+00
1.178801534494328340e+00 -1.623110745215131656e-01 3.934443828691655654e+00
1.178801534494328340e+00 -1.623110745215131656e-01 4.134443828691655831e+00
1.178801534494328340e+00 -1.623110745215131656e-01 4.334443828691656009e+00
1.178801534494328340e+00 3.768892547848684549e-02 3.134443828691654943e+00
1.178801534494328340e+00 3.768892547848684549e-02 3.334443828691655121e+00
1.178801534494328340e+00 3.768892547848684549e-02 3.534443828691655298e+00
1.178801534494328340e+00 3.768892547848684549e-02 3.734443828691655476e+00
1.178801534494328340e+00 3.768892547848684549e-02 3.934443828691655654e+00
1.178801534494328340e+00 3.768892547848684549e-02 4.134443828691655831e+00
1.178801534494328340e+00 3.768892547848684549e-02 4.334443828691656009e+00
1.178801534494328340e+00 3.768892547848684549e-02 4.534443828691656186e+00
1.178801534494328340e+00 2.376889254784868566e-01 3.134443828691654943e+00
1.178801534494328340e+00 2.376889254784868566e-01 3.334443828691655121e+00
1.178801534494328340e+00 2.376889254784868566e-01 3.534443828691655298e+00
1.178801534494328340e+00 2.376889254784868566e-01 3.734443828691655476e+00
1.178801534494328340e+00 2.376889254784868566e-01 3.934443828691655654e+00
1.178801534494328340e+00 2.376889254784868566e-01 4.134443828691655831e+00
1.178801534494328340e+00 2.376889254784868566e-01 4.334443828691656009e+00
1.178801534494328340e+00 2.376889254784868566e-01 4.534443828691656186e+00
1.178801534494328340e+00 4.376889254784868677e-01 3.134443828691654943e+00
1.178801534494328340e+00 4.376889254784868677e-01 3.334443828691655121e+00
1.178801534494328340e+00 4.376889254784868677e-01 3.534443828691655298e+00
1.178801534494328340e+00 4.376889254784868677e-01 3.734443828691655476e+00
1.178801534494328340e+00 4.376889254784868677e-01 3.934443828691655654e+00
1.178801534494328340e+00 4.376889254784868677e-01 4.134443828691655831e+00
1.178801534494328340e+00 4.376889254784868677e-01 4.334443828691656009e+00
1.178801534494328340e+00 6.376889254784868788e-01 3.134443828691654943e+00
1.178801534494328340e+00 6.376889254784868788e-01 3.334443828691655121e+00
1.178801534494328340e+00 6.376889254784868788e-01 3.534443828691655298e+00
1.178801534494328340e+00 6.376889254784868788e-01 3.734443828691655476e+00
1.178801534494328340e+00 6.376889254784868788e-01 3.934443828691655654e+00
1.178801534494328340e+00 6.376889254784868788e-01 4.134443828691655831e+00
1.178801534494328340e+00 6.376889254784868788e-01 4.334443828691656009e+00
1.178801534494328340e+00 8.376889254784869454e-01 3.734443828691655476e+00
1.378801534494328296e+00 -7.623110745215131434e-01 3.534443828691655298e+00
1.378801534494328296e+00 -7.623110745215131434e-01 3.734443828691655476e+00
1.378801534494328296e+00 -7.623110745215131434e-01 3.934443828691655654e+00
1.378801534494328296e+00 -5.623110745215131878e-01 3.334443828691655121e+00
1.378801534494328296e+00 -5.623110745215131878e-01 3.534443828691655298e+00
1.378801534494328296e+00 -5.623110745215131878e-01 3.734443828691655476e+00
1.378801534494328296e+00 -5.623110745215131878e-01 3.934443828691655654e+00
1.378801534494328296e+00 -3.623110745215131767e-01 3.334443828691655121e+00
1.378801534494328296e+00 -3.623110745215131767e-01 3.534443828691655298e+00
1.378801534494328296e+00 -3.623110745215131767e-01 3.734443828691655476e+00
1.378801534494328296e+00 -3.623110745215131767e-01 3.934443828691655654e+00
1.378801534494328296e+00 -1.623110745215131656e-01 3.334443828691655121e+00
1.378801534494328296e+00 -1.623110745215131656e-01 3.534443828691655298e+00
1.378801534494328296e+00 -1.623110745215131656e-01 3.734443828691655476e+00
1.378801534494328296e+00 -1.623110745215131656e-01 3.934443828691655654e+00
1.378801534494328296e+00 -1.623110745215131656e-01 4.134443828691655831e+00
1.378801534494328296e+00 3.768892547848684549e-02 3.334443828691655121e+00
1.378801534494328296e+00 3.768892547848684549e-02 3.534443828691655298e+00
1.378801534494328296e+00 3.768892547848684549e-02 3.734443828691655476e+00
1.378801534494328296e+00 3.768892547848684549e-02 3.934443828691655654e+00
1.378801534494328296e+00 3.768892547848684549e-02 4.134443828691655831e+00
1.378801534494328296e+00 2.376889254784868566e-01 3.334443828691655121e+00
1.378801534494328296e+00 2.376889254784868566e-01 3.534443828691655298e+00
1.378801534494328296e+00 2.376889254784868566e-01 3.734443828691655476e+00
1.378801534494328296e+00 2.376889254784868566e-01 3.934443828691655654e+00
1.378801534494328296e+00 2.376889254784868566e-01 4.134443828691655831e+00
1.378801534494328296e+00 4.376889254784868677e-01 3.334443828691655121e+00
1.378801534494328296e+00 4.376889254784868677e-01 3.534443828691655298e+00
1.378801534494328296e+00 4.376889254784868677e-01 3.734443828691655476e+00
1.378801534494328296e+00 4.376889254784868677e-01 3.934443828691655654e+00
1.378801534494328296e+00 4.376889254784868677e-01 4.134443828691655831e+00
1.378801534494328296e+00 6.376889254784868788e-01 3.334443828691655121e+00
1.378801534494328296e+00 6.376889254784868788e-01 3.534443828691655298e+00
1.378801534494328296e+00 6.376889254784868788e-01 3.734443828691655476e+00
1.378801534494328296e+00 6.376889254784868788e-01 3.934443828691655654e+00
1.378801534494328296e+00 6.376889254784868788e-01 4.134443828691655831e+00
1.578801534494328251e+00 -5.623110745215131878e-01 3.534443828691655298e+00
1.578801534494328251e+00 -5.623110745215131878e-01 3.734443828691655476e+00
1.578801534494328251e+00 -3.623110745215131767e-01 3.734443828691655476e+00
1.578801534494328251e+00 -1.623110745215131656e-01 3.734443828691655476e+00
1.578801534494328251e+00 3.768892547848684549e-02 3.734443828691655476e+00
1.578801534494328251e+00 2.376889254784868566e-01 3.734443828691655476e+00
1.578801534494328251e+00 4.376889254784868677e-01 3.534443828691655298e+00
1.578801534494328251e+00 4.376889254784868677e-01 3.734443828691655476e+00
1.578801534494328251e+00 6.376889254784868788e-01 3.534443828691655298e+00
1.578801534494328251e+00 6.376889254784868788e-01 3.734443828691655476e+00
