-1.330389022827148438e+00 -8.607720136642456055e-01 1.934453010559082031e+00
-1.330389022827148438e+00 -3.607720136642456055e-01 1.934453010559082031e+00
-1.330389022827148438e+00 -3.607720136642456055e-01 5.434453010559082031e+00
-1.330389022827148438e+00 -3.607720136642456055e-01 5.934453010559082031e+00
-1.330389022827148438e+00 1.392279863357543945e-01 1.934453010559082031e+00
-1.330389022827148438e+00 1.392279863357543945e-01 5.434453010559082031e+00
-1.330389022827148438e+00 1.392279863357543945e-01 5.934453010559082031e+00
-1.330389022827148438e+00 6.392279863357543945e-01 1.934453010559082031e+00
-1.330389022827148438e+00 6.392279863357543945e-01 5.434453010559082031e+00
-1.330389022827148438e+00 6.392279863357543945e-01 5.934453010559082031e+00
-8.303890228271484375e-01 -1.360772013664245605e+00 1.934453010559082031e+00
-8.303890228271484375e-01 -8.607720136642456055e-01 1.434453010559082031e+00
-8.303890228271484375e-01 -8.607720136642456055e-01 1.934453010559082031e+00
-8.303890228271484375e-01 -8.607720136642456055e-01 2.434453010559082031e+00
-8.303890228271484375e-01 -8.607720136642456055e-01 2.934453010559082031e+00
-8.303890228271484375e-01 -8.607720136642456055e-01 4.434453010559082031e+00
-8.303890228271484375e-01 -3.607720136642456055e-01 1.434453010559082031e+00
-8.303890228271484375e-01 -3.607720136642456055e-01 1.934453010559082031e+00
-8.303890228271484375e-01 -3.607720136642456055e-01 2.434453010559082031e+00
-8.303890228271484375e-01 -3.607720136642456055e-01 2.934453010559082031e+00
-8.303890228271484375e-01 -3.607720136642456055e-01 4.434453010559082031e+00
-8.303890228271484375e-01 -3.607720136642456055e-01 4.934453010559082031e+00
-8.303890228271484375e-01 -3.607720136642456055e-01 5.434453010559082031e+00
-8.303890228271484375e-01 1.392279863357543945e-01 1.434453010559082031e+00
-8.303890228271484375e-01 1.392279863357543945e-01 1.934453010559082031e+00
-8.303890228271484375e-01 1.392279863357543945e-01 2.434453010559082031e+00
-8.303890228271484375e-01 1.392279863357543945e-01 2.934453010559082031e+00
-8.303890228271484375e-01 1.392279863357543945e-01 4.434453010559082031e+00
-8.303890228271484375e-01 1.392279863357543945e-01 4.934453010559082031e+00
-8.303890228271484375e-01 1.392279863357543945e-01 5.434453010559082031e+00
-8.303890228271484375e-01 1.392279863357543945e-01 5.934453010559082031e+00
-8.303890228271484375e-01 6.392279863357543945e-01 1.434453010559082031e+00
-8.303890228271484375e-01 6.392279863357543945e-01 1.934453010559082031e+00
-8.303890228271484375e-01 6.392279863357543945e-01 2.434453010559082031e+00
-8.303890228271484375e-01 6.392279863357543945e-01 2.934453010559082031e+00
-8.303890228271484375e-01 6.392279863357543945e-01 4.434453010559082031e+00
-8.303890228271484375e-01 6.392279863357543945e-01 4.934453010559082031e+00
-8.303890228271484375e-01 6.392279863357543945e-01 5.434453010559082031e+00
-8.303890228271484375e-01 1.139227986335754395e+00 1.434453010559082031e+00
-8.303890228271484375e-01 1.139227986335754395e+00 1.934453010559082031e+00
-8.303890228271484375e-01 1.139227986335754395e+00 2.434453010559082031e+00
-3.303890228271484375e-01 -1.360772013664245605e+00 1.934453010559082031e+00
-3.303890228271484375e-01 -1.360772013664245605e+00 2.434453010559082031e+00
-3.303890228271484375e-01 -1.360772013664245605e+00 2.934453010559082031e+00
-3.303890228271484375e-01 -8.607720136642456055e-01 1.434453010559082031e+00
-3.303890228271484375e-01 -8.607720136642456055e-01 1.934453010559082031e+00
-3.303890228271484375e-01 -8.607720136642456055e-01 2.434453010559082031e+00
-3.303890228271484375e-01 -8.607720136642456055e-01 2.934453010559082031e+00
-3.303890228271484375e-01 -8.607720136642456055e-01 3.434453010559082031e+00
-3.303890228271484375e-01 -8.607720136642456055e-01 3.934453010559082031e+00
-3.303890228271484375e-01 -8.607720136642456055e-01 4.434453010559082031e+00
-3.303890228271484375e-01 -3.607720136642456055e-01 9.344530105590820312e-01
-3.303890228271484375e-01 -3.607720136642456055e-01 1.434453010559082031e+00
-3.303890228271484375e-01 -3.607720136642456055e-01 1.934453010559082031e+00
-3.303890228271484375e-01 -3.607720136642456055e-01 2.434453010559082031e+00
-3.303890228271484375e-01 -3.607720136642456055e-01 2.934453010559082031e+00
-3.303890228271484375e-01 -3.607720136642456055e-01 3.434453010559082031e+00
-3.303890228271484375e-01 -3.607720136642456055e-01 3.934453010559082031e+00
-3.303890228271484375e-01 -3.607720136642456055e-01 4.434453010559082031e+00
-3.303890228271484375e-01 1.392279863357543945e-01 9.344530105590820312e-01
-3.303890228271484375e-01 1.392279863357543945e-01 1.434453010559082031e+00
-3.303890228271484375e-01 1.392279863357543945e-01 1.934453010559082031e+00
-3.303890228271484375e-01 1.392279863357543945e-01 2.434453010559082031e+00
-3.303890228271484375e-01 1.392279863357543945e-01 2.934453010559082031e+00
-3.303890228271484375e-01 1.392279863357543945e-01 3.434453010559082031e+00
-3.303890228271484375e-01 1.392279863357543945e-01 3.934453010559082031e+00
-3.303890228271484375e-01 1.392279863357543945e-01 4.434453010559082031e+00
-3.303890228271484375e-01 6.392279863357543945e-01 1.434453010559082031e+00
-3.303890228271484375e-01 6.392279863357543945e-01 1.934453010559082031e+00
-3.303890228271484375e-01 6.392279863357543945e-01 2.434453010559082031e+00
-3.303890228271484375e-01 6.392279863357543945e-01 2.934453010559082031e+00
-3.303890228271484375e-01 6.392279863357543945e-01 3.434453010559082031e+00
-3.303890228271484375e-01 6.392279863357543945e-01 3.934453010559082031e+00
-3.303890228271484375e-01 6.392279863357543945e-01 4.434453010559082031e+00
-3.303890228271484375e-01 1.139227986335754395e+00 1.934453010559082031e+00
-3.303890228271484375e-01 1.139227986335754395e+00 2.434453010559082031e+00
-3.303890228271484375e-01 1.139227986335754395e+00 2.934453010559082031e+00
1.696109771728515625e-01 -1.360772013664245605e+00 2.934453010559082031e+00
1.696109771728515625e-01 -8.607720136642456055e-01 1.434453010559082031e+00
1.696109771728515625e-01 -8.607720136642456055e-01 1.934453010559082031e+00
1.696109771728515625e-01 -8.607720136642456055e-01 2.434453010559082031e+00
1.696109771728515625e-01 -8.607720136642456055e-01 2.934453010559082031e+00
1.696109771728515625e-01 -8.607720136642456055e-01 3.434453010559082031e+00
1.696109771728515625e-01 -8.607720136642456055e-01 3.934453010559082031e+00
1.696109771728515625e-01 -8.607720136642456055e-01 4.434453010559082031e+00
1.696109771728515625e-01 -3.607720136642456055e-01 1.434453010559082031e+00
1.696109771728515625e-01 -3.607720136642456055e-01 1.934453010559082031e+00
1.696109771728515625e-01 -3.607720136642456055e-01 2.434453010559082031e+00
1.696109771728515625e-01 -3.607720136642456055e-01 2.934453010559082031e+00
1.696109771728515625e-01 -3.607720136642456055e-01 3.434453010559082031e+00
1.696109771728515625e-01 -3.607720136642456055e-01 3.934453010559082031e+00
1.696109771728515625e-01 -3.607720136642456055e-01 4.434453010559082031e+00
1.696109771728515625e-01 1.392279863357543945e-01 1.434453010559082031e+00
1.696109771728515625e-01 1.392279863357543945e-01 1.934453010559082031e+00
1.696109771728515625e-01 1.392279863357543945e-01 2.434453010559082031e+00
1.696109771728515625e-01 1.392279863357543945e-01 2.934453010559082031e+00
1.696109771728515625e-01 1.392279863357543945e-01 3.434453010559082031e+00
1.696109771728515625e-01 1.392279863357543945e-01 3.934453010559082031e+00
1.696109771728515625e-01 1.392279863357543945e-01 4.434453010559082031e+00
1.696109771728515625e-01 6.392279863357543945e-01 1.434453010559082031e+00
1.696109771728515625e-01 6.392279863357543945e-01 1.934453010559082031e+00
1.696109771728515625e-01 6.392279863357543945e-01 2.434453010559082031e+00
1.696109771728515625e-01 6.392279863357543945e-01 2.934453010559082031e+00
1.696109771728515625e-01 6.392279863357543945e-01 3.434453010559082031e+00
1.696109771728515625e-01 6.392279863357543945e-01 3.934453010559082031e+00
1.696109771728515625e-01 6.392279863357543945e-01 4.434453010559082031e+00
1.696109771728515625e-01 1.139227986335754395e+00 1.934453010559082031e+00
1.696109771728515625e-01 1.139227986335754395e+00 2.434453010559082031e+00
1.696109771728515625e-01 1.139227986335754395e+00 2.934453010559082031e+00
1.696109771728515625e-01 1.139227986335754395e+00 3.434453010559082031e+00
1.696109771728515625e-01 1.139227986335754395e+00 3.934453010559082031e+00
6.696109771728515625e-01 -8.607720136642456055e-01 2.434453010559082031e+00
6.696109771728515625e-01 -8.607720136642456055e-01 2.934453010559082031e+00
6.696109771728515625e-01 -8.607720136642456055e-01 3.434453010559082031e+00
6.696109771728515625e-01 -8.607720136642456055e-01 3.934453010559082031e+00
6.696109771728515625e-01 -8.607720136642456055e-01 4.434453010559082031e+00
6.696109771728515625e-01 -3.607720136642456055e-01 1.934453010559082031e+00
6.696109771728515625e-01 -3.607720136642456055e-01 2.434453010559082031e+00
6.696109771728515625e-01 -3.607720136642456055e-01 2.934453010559082031e+00
6.696109771728515625e-01 -3.607720136642456055e-01 3.434453010559082031e+00
6.696109771728515625e-01 -3.607720136642456055e-01 3.934453010559082031e+00
6.696109771728515625e-01 -3.607720136642456055e-01 4.434453010559082031e+00
6.696109771728515625e-01 1.392279863357543945e-01 1.934453010559082031e+00
6.696109771728515625e-01 1.392279863357543945e-01 2.434453010559082031e+00
6.696109771728515625e-01 1.392279863357543945e-01 2.934453010559082031e+00
6.696109771728515625e-01 1.392279863357543945e-01 3.434453010559082031e+00
6.696109771728515625e-01 1.392279863357543945e-01 3.934453010559082031e+00
6.696109771728515625e-01 1.392279863357543945e-01 4.434453010559082031e+00
6.696109771728515625e-01 6.392279863357543945e-01 1.934453010559082031e+00
6.696109771728515625e-01 6.392279863357543945e-01 2.434453010559082031e+00
6.696109771728515625e-01 6.392279863357543945e-01 2.934453010559082031e+00
6.696109771728515625e-01 6.392279863357543945e-01 3.434453010559082031e+00
6.696109771728515625e-01 6.392279863357543945e-01 3.934453010559082031e+00
6.696109771728515625e-01 6.392279863357543945e-01 4.434453010559082031e+00
6.696109771728515625e-01 1.139227986335754395e+00 2.934453010559082031e+00
6.696109771728515625e-01 1.139227986335754395e+00 3.434453010559082031e+00
6.696109771728515625e-01 1.139227986335754395e+00 3.934453010559082031e+00
1.169610977172851562e+00 -8.607720136642456055e-01 2.934453010559082031e+00
1.169610977172851562e+00 -8.607720136642456055e-01 3.434453010559082031e+00
1.169610977172851562e+00 -8.607720136642456055e-01 3.934453010559082031e+00
1.169610977172851562e+00 -8.607720136642456055e-01 4.434453010559082031e+00
1.169610977172851562e+00 -3.607720136642456055e-01 2.934453010559082031e+00
1.169610977172851562e+00 -3.607720136642456055e-01 3.434453010559082031e+00
1.169610977172851562e+00 -3.607720136642456055e-01 3.934453010559082031e+00
1.169610977172851562e+00 -3.607720136642456055e-01 4.434453010559082031e+00
1.169610977172851562e+00 1.392279863357543945e-01 2.934453010559082031e+00
1.169610977172851562e+00 1.392279863357543945e-01 3.434453010559082031e+00
1.169610977172851562e+00 1.392279863357543945e-01 3.934453010559082031e+00
1.169610977172851562e+00 1.392279863357543945e-01 4.434453010559082031e+00
1.169610977172851562e+00 6.392279863357543945e-01 2.934453010559082031e+00
1.169610977172851562e+00 6.392279863357543945e-01 3.434453010559082031e+00
1.169610977172851562e+00 6.392279863357543945e-01 3.934453010559082031e+00
1.169610977172851562e+00 6.392279863357543945e-01 4.434453010559082031e+00
1.169610977172851562e+00 1.139227986335754395e+00 3.934453010559082031e+00
1.669610977172851562e+00 -8.607720136642456055e-01 3.434453010559082031e+00
1.669610977172851562e+00 -8.607720136642456055e-01 3.934453010559082031e+00
1.669610977172851562e+00 -3.607720136642456055e-01 3.434453010559082031e+00
1.669610977172851562e+00 -3.607720136642456055e-01 3.934453010559082031e+00
1.669610977172851562e+00 -3.607720136642456055e-01 4.434453010559082031e+00
1.669610977172851562e+00 1.392279863357543945e-01 3.434453010559082031e+00
1.669610977172851562e+00 1.392279863357543945e-01 3.934453010559082031e+00
1.669610977172851562e+00 1.392279863357543945e-01 4.434453010559082031e+00
1.669610977172851562e+00 6.392279863357543945e-01 3.434453010559082031e+00
1.669610977172851562e+00 6.392279863357543945e-01 3.934453010559082031e+00
1.669610977172851562e+00 6.392279863357543945e-01 4.434453010559082031e+00
2.169610977172851562e+00 -8.607720136642456055e-01 3.934453010559082031e+00
