-9.995629787445068359e-01 -2.500009536743162952e-01 1.056184000056237027e+00
-9.995629787445068359e-01 -2.500009536743162952e-01 1.206184000056236938e+00
-9.995629787445068359e-01 -2.500009536743162952e-01 1.356184000056236849e+00
-9.995629787445068359e-01 -1.000009536743163008e-01 9.061840000562370046e-01
-9.995629787445068359e-01 -1.000009536743163008e-01 1.056184000056237027e+00
-9.995629787445068359e-01 -1.000009536743163008e-01 1.206184000056236938e+00
-9.995629787445068359e-01 -1.000009536743163008e-01 1.356184000056236849e+00
-9.995629787445068359e-01 -1.000009536743163008e-01 1.506184000056236760e+00
-9.995629787445068359e-01 4.999904632568369367e-02 9.061840000562370046e-01
-9.995629787445068359e-01 4.999904632568369367e-02 1.056184000056237027e+00
-9.995629787445068359e-01 4.999904632568369367e-02 1.206184000056236938e+00
-9.995629787445068359e-01 4.999904632568369367e-02 1.356184000056236849e+00
-9.995629787445068359e-01 4.999904632568369367e-02 1.506184000056236760e+00
-9.995629787445068359e-01 1.999990463256836881e-01 9.061840000562370046e-01
-9.995629787445068359e-01 1.999990463256836881e-01 1.056184000056237027e+00
-9.995629787445068359e-01 1.999990463256836881e-01 1.206184000056236938e+00
-9.995629787445068359e-01 1.999990463256836881e-01 1.356184000056236849e+00
-8.495629787445068137e-01 -5.500009536743163396e-01 1.206184000056236938e+00
-8.495629787445068137e-01 -4.000009536743163174e-01 7.561840000562369823e-01
-8.495629787445068137e-01 -4.000009536743163174e-01 9.061840000562370046e-01
-8.495629787445068137e-01 -4.000009536743163174e-01 1.056184000056237027e+00
-8.495629787445068137e-01 -4.000009536743163174e-01 1.206184000056236938e+00
-8.495629787445068137e-01 -4.000009536743163174e-01 1.356184000056236849e+00
-8.495629787445068137e-01 -4.000009536743163174e-01 1.506184000056236760e+00
-8.495629787445068137e-01 -4.000009536743163174e-01 1.656184000056236671e+00
-8.495629787445068137e-01 -2.500009536743162952e-01 6.061840000562369601e-01
-8.495629787445068137e-01 -2.500009536743162952e-01 7.561840000562369823e-01
-8.495629787445068137e-01 -2.500009536743162952e-01 9.061840000562370046e-01
-8.495629787445068137e-01 -2.500009536743162952e-01 1.506184000056236760e+00
-8.495629787445068137e-01 -2.500009536743162952e-01 1.656184000056236671e+00
-8.495629787445068137e-01 -2.500009536743162952e-01 1.806184000056236583e+00
-8.495629787445068137e-01 -1.000009536743163008e-01 6.061840000562369601e-01
-8.495629787445068137e-01 -1.000009536743163008e-01 7.561840000562369823e-01
-8.495629787445068137e-01 -1.000009536743163008e-01 1.656184000056236671e+00
-8.495629787445068137e-01 -1.000009536743163008e-01 1.806184000056236583e+00
-8.495629787445068137e-01 -1.000009536743163008e-01 1.956184000056236494e+00
-8.495629787445068137e-01 4.999904632568369367e-02 6.061840000562369601e-01
-8.495629787445068137e-01 4.999904632568369367e-02 7.561840000562369823e-01
-8.495629787445068137e-01 4.999904632568369367e-02 1.656184000056236671e+00
-8.495629787445068137e-01 4.999904632568369367e-02 1.806184000056236583e+00
-8.495629787445068137e-01 4.999904632568369367e-02 1.956184000056236494e+00
-8.495629787445068137e-01 1.999990463256836881e-01 6.061840000562369601e-01
-8.495629787445068137e-01 1.999990463256836881e-01 7.561840000562369823e-01
-8.495629787445068137e-01 1.999990463256836881e-01 1.506184000056236760e+00
-8.495629787445068137e-01 1.999990463256836881e-01 1.656184000056236671e+00
-8.495629787445068137e-01 1.999990463256836881e-01 1.806184000056236583e+00
-8.495629787445068137e-01 1.999990463256836881e-01 1.956184000056236494e+00
-8.495629787445068137e-01 3.499990463256836826e-01 7.561840000562369823e-01
-8.495629787445068137e-01 3.499990463256836826e-01 9.061840000562370046e-01
-8.495629787445068137e-01 3.499990463256836826e-01 1.056184000056237027e+00
-8.495629787445068137e-01 3.499990463256836826e-01 1.206184000056236938e+00
-8.495629787445068137e-01 3.499990463256836826e-01 1.356184000056236849e+00
-8.495629787445068137e-01 3.499990463256836826e-01 1.506184000056236760e+00
-8.495629787445068137e-01 3.499990463256836826e-01 1.656184000056236671e+00
-8.495629787445068137e-01 3.499990463256836826e-01 1.806184000056236583e+00
-8.495629787445068137e-01 4.999990463256837048e-01 9.061840000562370046e-01
-8.495629787445068137e-01 4.999990463256837048e-01 1.056184000056237027e+00
-8.495629787445068137e-01 4.999990463256837048e-01 1.206184000056236938e+00
-8.495629787445068137e-01 4.999990463256837048e-01 1.356184000056236849e+00
-6.995629787445067915e-01 -7.000009536743163618e-01 1.206184000056236938e+00
-6.995629787445067915e-01 -5.500009536743163396e-01 7.561840000562369823e-01
-6.995629787445067915e-01 -5.500009536743163396e-01 9.061840000562370046e-01
-6.995629787445067915e-01 -5.500009536743163396e-01 1.056184000056237027e+00
-6.995629787445067915e-01 -5.500009536743163396e-01 1.356184000056236849e+00
-6.995629787445067915e-01 -5.500009536743163396e-01 1.506184000056236760e+00
-6.995629787445067915e-01 -5.500009536743163396e-01 1.656184000056236671e+00
-6.995629787445067915e-01 -5.500009536743163396e-01 1.806184000056236583e+00
-6.995629787445067915e-01 -4.000009536743163174e-01 6.061840000562369601e-01
-6.995629787445067915e-01 -4.000009536743163174e-01 1.806184000056236583e+00
-6.995629787445067915e-01 -4.000009536743163174e-01 1.956184000056236494e+00
-6.995629787445067915e-01 -2.500009536743162952e-01 4.561840000562369379e-01
-6.995629787445067915e-01 -2.500009536743162952e-01 1.956184000056236494e+00
-6.995629787445067915e-01 -2.500009536743162952e-01 2.106184000056236627e+00
-6.995629787445067915e-01 -2.500009536743162952e-01 2.256184000056236538e+00
-6.995629787445067915e-01 -1.000009536743163008e-01 4.561840000562369379e-01
-6.995629787445067915e-01 -1.000009536743163008e-01 2.106184000056236627e+00
-6.995629787445067915e-01 -1.000009536743163008e-01 2.256184000056236538e+00
-6.995629787445067915e-01 4.999904632568369367e-02 4.561840000562369379e-01
-6.995629787445067915e-01 4.999904632568369367e-02 2.106184000056236627e+00
-6.995629787445067915e-01 4.999904632568369367e-02 2.256184000056236538e+00
-6.995629787445067915e-01 1.999990463256836881e-01 4.561840000562369379e-01
-6.995629787445067915e-01 1.999990463256836881e-01 2.106184000056236627e+00
-6.995629787445067915e-01 1.999990463256836881e-01 2.256184000056236538e+00
-6.995629787445067915e-01 3.499990463256836826e-01 6.061840000562369601e-01
-6.995629787445067915e-01 3.499990463256836826e-01 1.956184000056236494e+00
-6.995629787445067915e-01 3.499990463256836826e-01 2.106184000056236627e+00
-6.995629787445067915e-01 4.999990463256837048e-01 6.061840000562369601e-01
-6.995629787445067915e-01 4.999990463256837048e-01 7.561840000562369823e-01
-6.995629787445067915e-01 4.999990463256837048e-01 1.506184000056236760e+00
-6.995629787445067915e-01 4.999990463256837048e-01 1.656184000056236671e+00
-6.995629787445067915e-01 4.999990463256837048e-01 1.806184000056236583e+00
-6.995629787445067915e-01 6.499990463256837270e-01 9.061840000562370046e-01
-6.995629787445067915e-01 6.499990463256837270e-01 1.056184000056237027e+00
-6.995629787445067915e-01 6.499990463256837270e-01 1.206184000056236938e+00
-6.995629787445067915e-01 6.499990463256837270e-01 1.356184000056236849e+00
-6.995629787445067915e-01 6.499990463256837270e-01 1.506184000056236760e+00
-5.495629787445067693e-01 -8.500009536743163840e-01 1.206184000056236938e+00
-5.495629787445067693e-01 -7.000009536743163618e-01 7.561840000562369823e-01
-5.495629787445067693e-01 -7.000009536743163618e-01 9.061840000562370046e-01
-5.495629787445067693e-01 -7.000009536743163618e-01 1.056184000056237027e+00
-5.495629787445067693e-01 -7.000009536743163618e-01 1.356184000056236849e+00
-5.495629787445067693e-01 -7.000009536743163618e-01 1.506184000056236760e+00
-5.495629787445067693e-01 -7.000009536743163618e-01 1.656184000056236671e+00
-5.495629787445067693e-01 -7.000009536743163618e-01 1.806184000056236583e+00
-5.495629787445067693e-01 -5.500009536743163396e-01 6.061840000562369601e-01
-5.495629787445067693e-01 -5.500009536743163396e-01 1.956184000056236494e+00
-5.495629787445067693e-01 -4.000009536743163174e-01 4.561840000562369379e-01
-5.495629787445067693e-01 -4.000009536743163174e-01 2.106184000056236627e+00
-5.495629787445067693e-01 -4.000009536743163174e-01 2.256184000056236538e+00
-5.495629787445067693e-01 -2.500009536743162952e-01 3.061840000562369712e-01
-5.495629787445067693e-01 -2.500009536743162952e-01 2.406184000056236449e+00
-5.495629787445067693e-01 -1.000009536743163008e-01 3.061840000562369712e-01
-5.495629787445067693e-01 -1.000009536743163008e-01 2.406184000056236449e+00
-5.495629787445067693e-01 -1.000009536743163008e-01 2.556184000056236361e+00
-5.495629787445067693e-01 4.999904632568369367e-02 3.061840000562369712e-01
-5.495629787445067693e-01 4.999904632568369367e-02 2.406184000056236449e+00
-5.495629787445067693e-01 4.999904632568369367e-02 2.556184000056236361e+00
-5.495629787445067693e-01 1.999990463256836881e-01 3.061840000562369712e-01
-5.495629787445067693e-01 1.999990463256836881e-01 2.406184000056236449e+00
-5.495629787445067693e-01 3.499990463256836826e-01 4.561840000562369379e-01
-5.495629787445067693e-01 3.499990463256836826e-01 2.256184000056236538e+00
-5.495629787445067693e-01 4.999990463256837048e-01 4.561840000562369379e-01
-5.495629787445067693e-01 4.999990463256837048e-01 1.956184000056236494e+00
-5.495629787445067693e-01 4.999990463256837048e-01 2.106184000056236627e+00
-5.495629787445067693e-01 6.499990463256837270e-01 6.061840000562369601e-01
-5.495629787445067693e-01 6.499990463256837270e-01 7.561840000562369823e-01
-5.495629787445067693e-01 6.499990463256837270e-01 1.656184000056236671e+00
-5.495629787445067693e-01 6.499990463256837270e-01 1.806184000056236583e+00
-5.495629787445067693e-01 7.999990463256837492e-01 9.061840000562370046e-01
-5.495629787445067693e-01 7.999990463256837492e-01 1.056184000056237027e+00
-5.495629787445067693e-01 7.999990463256837492e-01 1.206184000056236938e+00
-5.495629787445067693e-01 7.999990463256837492e-01 1.356184000056236849e+00
-5.495629787445067693e-01 7.999990463256837492e-01 1.506184000056236760e+00
-3.995629787445067471e-01 -8.500009536743163840e-01 7.561840000562369823e-01
-3.995629787445067471e-01 -8.500009536743163840e-01 9.061840000562370046e-01
-3.995629787445067471e-01 -8.500009536743163840e-01 1.056184000056237027e+00
-3.995629787445067471e-01 -8.500009536743163840e-01 1.206184000056236938e+00
-3.995629787445067471e-01 -8.500009536743163840e-01 1.356184000056236849e+00
-3.995629787445067471e-01 -8.500009536743163840e-01 1.506184000056236760e+00
-3.995629787445067471e-01 -8.500009536743163840e-01 1.656184000056236671e+00
-3.995629787445067471e-01 -7.000009536743163618e-01 6.061840000562369601e-01
-3.995629787445067471e-01 -7.000009536743163618e-01 1.806184000056236583e+00
-3.995629787445067471e-01 -7.000009536743163618e-01 1.956184000056236494e+00
-3.995629787445067471e-01 -5.500009536743163396e-01 4.561840000562369379e-01
-3.995629787445067471e-01 -5.500009536743163396e-01 2.106184000056236627e+00
-3.995629787445067471e-01 -5.500009536743163396e-01 2.256184000056236538e+00
-3.995629787445067471e-01 -4.000009536743163174e-01 3.061840000562369712e-01
-3.995629787445067471e-01 -4.000009536743163174e-01 2.406184000056236449e+00
-3.995629787445067471e-01 -2.500009536743162952e-01 3.061840000562369712e-01
-3.995629787445067471e-01 -2.500009536743162952e-01 2.556184000056236361e+00
-3.995629787445067471e-01 -1.000009536743163008e-01 1.561840000562369768e-01
-3.995629787445067471e-01 -1.000009536743163008e-01 2.706184000056236272e+00
-3.995629787445067471e-01 4.999904632568369367e-02 1.561840000562369768e-01
-3.995629787445067471e-01 4.999904632568369367e-02 2.706184000056236272e+00
-3.995629787445067471e-01 1.999990463256836881e-01 1.561840000562369768e-01
-3.995629787445067471e-01 1.999990463256836881e-01 2.556184000056236361e+00
-3.995629787445067471e-01 3.499990463256836826e-01 3.061840000562369712e-01
-3.995629787445067471e-01 3.499990463256836826e-01 2.406184000056236449e+00
-3.995629787445067471e-01 3.499990463256836826e-01 2.556184000056236361e+00
-3.995629787445067471e-01 4.999990463256837048e-01 4.561840000562369379e-01
-3.995629787445067471e-01 4.999990463256837048e-01 2.256184000056236538e+00
-3.995629787445067471e-01 6.499990463256837270e-01 6.061840000562369601e-01
-3.995629787445067471e-01 6.499990463256837270e-01 1.956184000056236494e+00
-3.995629787445067471e-01 6.499990463256837270e-01 2.106184000056236627e+00
-3.995629787445067471e-01 7.999990463256837492e-01 7.561840000562369823e-01
-3.995629787445067471e-01 7.999990463256837492e-01 9.061840000562370046e-01
-3.995629787445067471e-01 7.999990463256837492e-01 1.056184000056237027e+00
-3.995629787445067471e-01 7.999990463256837492e-01 1.356184000056236849e+00
-3.995629787445067471e-01 7.999990463256837492e-01 1.506184000056236760e+00
-3.995629787445067471e-01 7.999990463256837492e-01 1.656184000056236671e+00
-3.995629787445067471e-01 7.999990463256837492e-01 1.806184000056236583e+00
-3.995629787445067471e-01 9.499990463256837714e-01 1.206184000056236938e+00
-2.495629787445067527e-01 -1.000000953674316406e+00 1.056184000056237027e+00
-2.495629787445067527e-01 -1.000000953674316406e+00 1.206184000056236938e+00
-2.495629787445067527e-01 -1.000000953674316406e+00 1.356184000056236849e+00
-2.495629787445067527e-01 -8.500009536743163840e-01 6.061840000562369601e-01
-2.495629787445067527e-01 -8.500009536743163840e-01 7.561840000562369823e-01
-2.495629787445067527e-01 -8.500009536743163840e-01 9.061840000562370046e-01
-2.495629787445067527e-01 -8.500009536743163840e-01 1.506184000056236760e+00
-2.495629787445067527e-01 -8.500009536743163840e-01 1.656184000056236671e+00
-2.495629787445067527e-01 -8.500009536743163840e-01 1.806184000056236583e+00
-2.495629787445067527e-01 -7.000009536743163618e-01 4.561840000562369379e-01
-2.495629787445067527e-01 -7.000009536743163618e-01 1.956184000056236494e+00
-2.495629787445067527e-01 -7.000009536743163618e-01 2.106184000056236627e+00
-2.495629787445067527e-01 -7.000009536743163618e-01 2.256184000056236538e+00
-2.495629787445067527e-01 -5.500009536743163396e-01 3.061840000562369712e-01
-2.495629787445067527e-01 -5.500009536743163396e-01 2.406184000056236449e+00
-2.495629787445067527e-01 -4.000009536743163174e-01 3.061840000562369712e-01
-2.495629787445067527e-01 -4.000009536743163174e-01 2.556184000056236361e+00
-2.495629787445067527e-01 -2.500009536743162952e-01 1.561840000562369768e-01
-2.495629787445067527e-01 -2.500009536743162952e-01 2.706184000056236272e+00
-2.495629787445067527e-01 -1.000009536743163008e-01 1.561840000562369768e-01
-2.495629787445067527e-01 -1.000009536743163008e-01 2.856184000056236183e+00
-2.495629787445067527e-01 4.999904632568369367e-02 1.561840000562369768e-01
-2.495629787445067527e-01 4.999904632568369367e-02 2.856184000056236183e+00
-2.495629787445067527e-01 1.999990463256836881e-01 1.561840000562369768e-01
-2.495629787445067527e-01 1.999990463256836881e-01 2.706184000056236272e+00
-2.495629787445067527e-01 3.499990463256836826e-01 1.561840000562369768e-01
-2.495629787445067527e-01 3.499990463256836826e-01 2.706184000056236272e+00
-2.495629787445067527e-01 4.999990463256837048e-01 3.061840000562369712e-01
-2.495629787445067527e-01 4.999990463256837048e-01 2.406184000056236449e+00
-2.495629787445067527e-01 4.999990463256837048e-01 2.556184000056236361e+00
-2.495629787445067527e-01 6.499990463256837270e-01 4.561840000562369379e-01
-2.495629787445067527e-01 6.499990463256837270e-01 2.106184000056236627e+00
-2.495629787445067527e-01 6.499990463256837270e-01 2.256184000056236538e+00
-2.495629787445067527e-01 7.999990463256837492e-01 6.061840000562369601e-01
-2.495629787445067527e-01 7.999990463256837492e-01 7.561840000562369823e-01
-2.495629787445067527e-01 7.999990463256837492e-01 1.656184000056236671e+00
-2.495629787445067527e-01 7.999990463256837492e-01 1.806184000056236583e+00
-2.495629787445067527e-01 7.999990463256837492e-01 1.956184000056236494e+00
-2.495629787445067527e-01 9.499990463256837714e-01 9.061840000562370046e-01
-2.495629787445067527e-01 9.499990463256837714e-01 1.056184000056237027e+00
-2.495629787445067527e-01 9.499990463256837714e-01 1.206184000056236938e+00
-2.495629787445067527e-01 9.499990463256837714e-01 1.356184000056236849e+00
-2.495629787445067527e-01 9.499990463256837714e-01 1.506184000056236760e+00
-9.956297874450675822e-02 -1.000000953674316406e+00 9.061840000562370046e-01
-9.956297874450675822e-02 -1.000000953674316406e+00 1.056184000056237027e+00
-9.956297874450675822e-02 -1.000000953674316406e+00 1.206184000056236938e+00
-9.956297874450675822e-02 -1.000000953674316406e+00 1.356184000056236849e+00
-9.956297874450675822e-02 -1.000000953674316406e+00 1.506184000056236760e+00
-9.956297874450675822e-02 -8.500009536743163840e-01 6.061840000562369601e-01
-9.956297874450675822e-02 -8.500009536743163840e-01 7.561840000562369823e-01
-9.956297874450675822e-02 -8.500009536743163840e-01 1.656184000056236671e+00
-9.956297874450675822e-02 -8.500009536743163840e-01 1.806184000056236583e+00
-9.956297874450675822e-02 -8.500009536743163840e-01 1.956184000056236494e+00
-9.956297874450675822e-02 -7.000009536743163618e-01 4.561840000562369379e-01
-9.956297874450675822e-02 -7.000009536743163618e-01 2.106184000056236627e+00
-9.956297874450675822e-02 -7.000009536743163618e-01 2.256184000056236538e+00
-9.956297874450675822e-02 -5.500009536743163396e-01 3.061840000562369712e-01
-9.956297874450675822e-02 -5.500009536743163396e-01 2.406184000056236449e+00
-9.956297874450675822e-02 -5.500009536743163396e-01 2.556184000056236361e+00
-9.956297874450675822e-02 -4.000009536743163174e-01 1.561840000562369768e-01
-9.956297874450675822e-02 -4.000009536743163174e-01 2.706184000056236272e+00
-9.956297874450675822e-02 -2.500009536743162952e-01 1.561840000562369768e-01
-9.956297874450675822e-02 -2.500009536743162952e-01 2.856184000056236183e+00
-9.956297874450675822e-02 -1.000009536743163008e-01 1.561840000562369768e-01
-9.956297874450675822e-02 -1.000009536743163008e-01 3.006184000056236094e+00
-9.956297874450675822e-02 4.999904632568369367e-02 6.184000056236982346e-03
-9.956297874450675822e-02 4.999904632568369367e-02 3.006184000056236094e+00
-9.956297874450675822e-02 1.999990463256836881e-01 1.561840000562369768e-01
-9.956297874450675822e-02 1.999990463256836881e-01 2.856184000056236183e+00
-9.956297874450675822e-02 3.499990463256836826e-01 1.561840000562369768e-01
-9.956297874450675822e-02 3.499990463256836826e-01 2.706184000056236272e+00
-9.956297874450675822e-02 4.999990463256837048e-01 3.061840000562369712e-01
-9.956297874450675822e-02 4.999990463256837048e-01 2.556184000056236361e+00
-9.956297874450675822e-02 6.499990463256837270e-01 4.561840000562369379e-01
-9.956297874450675822e-02 6.499990463256837270e-01 2.256184000056236538e+00
-9.956297874450675822e-02 6.499990463256837270e-01 2.406184000056236449e+00
-9.956297874450675822e-02 7.999990463256837492e-01 6.061840000562369601e-01
-9.956297874450675822e-02 7.999990463256837492e-01 1.806184000056236583e+00
-9.956297874450675822e-02 7.999990463256837492e-01 1.956184000056236494e+00
-9.956297874450675822e-02 7.999990463256837492e-01 2.106184000056236627e+00
-9.956297874450675822e-02 9.499990463256837714e-01 7.561840000562369823e-01
-9.956297874450675822e-02 9.499990463256837714e-01 9.061840000562370046e-01
-9.956297874450675822e-02 9.499990463256837714e-01 1.056184000056237027e+00
-9.956297874450675822e-02 9.499990463256837714e-01 1.206184000056236938e+00
-9.956297874450675822e-02 9.499990463256837714e-01 1.356184000056236849e+00
-9.956297874450675822e-02 9.499990463256837714e-01 1.506184000056236760e+00
-9.956297874450675822e-02 9.499990463256837714e-01 1.656184000056236671e+00
5.043702125549323623e-02 -1.000000953674316406e+00 9.061840000562370046e-01
5.043702125549323623e-02 -1.000000953674316406e+00 1.056184000056237027e+00
5.043702125549323623e-02 -1.000000953674316406e+00 1.206184000056236938e+00
5.043702125549323623e-02 -1.000000953674316406e+00 1.356184000056236849e+00
5.043702125549323623e-02 -1.000000953674316406e+00 1.506184000056236760e+00
5.043702125549323623e-02 -8.500009536743163840e-01 6.061840000562369601e-01
5.043702125549323623e-02 -8.500009536743163840e-01 7.561840000562369823e-01
5.043702125549323623e-02 -8.500009536743163840e-01 1.656184000056236671e+00
5.043702125549323623e-02 -8.500009536743163840e-01 1.806184000056236583e+00
5.043702125549323623e-02 -8.500009536743163840e-01 1.956184000056236494e+00
5.043702125549323623e-02 -7.000009536743163618e-01 4.561840000562369379e-01
5.043702125549323623e-02 -7.000009536743163618e-01 2.106184000056236627e+00
5.043702125549323623e-02 -7.000009536743163618e-01 2.256184000056236538e+00
5.043702125549323623e-02 -5.500009536743163396e-01 3.061840000562369712e-01
5.043702125549323623e-02 -5.500009536743163396e-01 2.406184000056236449e+00
5.043702125549323623e-02 -5.500009536743163396e-01 2.556184000056236361e+00
5.043702125549323623e-02 -4.000009536743163174e-01 1.561840000562369768e-01
5.043702125549323623e-02 -4.000009536743163174e-01 2.706184000056236272e+00
5.043702125549323623e-02 -2.500009536743162952e-01 1.561840000562369768e-01
5.043702125549323623e-02 -2.500009536743162952e-01 2.856184000056236183e+00
5.043702125549323623e-02 -1.000009536743163008e-01 6.184000056236982346e-03
5.043702125549323623e-02 -1.000009536743163008e-01 3.006184000056236094e+00
5.043702125549323623e-02 4.999904632568369367e-02 6.184000056236982346e-03
5.043702125549323623e-02 4.999904632568369367e-02 3.006184000056236094e+00
5.043702125549323623e-02 1.999990463256836881e-01 1.561840000562369768e-01
5.043702125549323623e-02 1.999990463256836881e-01 2.856184000056236183e+00
5.043702125549323623e-02 3.499990463256836826e-01 1.561840000562369768e-01
5.043702125549323623e-02 3.499990463256836826e-01 2.706184000056236272e+00
5.043702125549323623e-02 4.999990463256837048e-01 3.061840000562369712e-01
5.043702125549323623e-02 4.999990463256837048e-01 2.556184000056236361e+00
5.043702125549323623e-02 6.499990463256837270e-01 3.061840000562369712e-01
5.043702125549323623e-02 6.499990463256837270e-01 2.256184000056236538e+00
5.043702125549323623e-02 6.499990463256837270e-01 2.406184000056236449e+00
5.043702125549323623e-02 7.999990463256837492e-01 4.561840000562369379e-01
5.043702125549323623e-02 7.999990463256837492e-01 6.061840000562369601e-01
5.043702125549323623e-02 7.999990463256837492e-01 1.956184000056236494e+00
5.043702125549323623e-02 7.999990463256837492e-01 2.106184000056236627e+00
5.043702125549323623e-02 9.499990463256837714e-01 7.561840000562369823e-01
5.043702125549323623e-02 9.499990463256837714e-01 9.061840000562370046e-01
5.043702125549323623e-02 9.499990463256837714e-01 1.056184000056237027e+00
5.043702125549323623e-02 9.499990463256837714e-01 1.206184000056236938e+00
5.043702125549323623e-02 9.499990463256837714e-01 1.356184000056236849e+00
5.043702125549323623e-02 9.499990463256837714e-01 1.506184000056236760e+00
5.043702125549323623e-02 9.499990463256837714e-01 1.656184000056236671e+00
5.043702125549323623e-02 9.499990463256837714e-01 1.806184000056236583e+00
2.004370212554932307e-01 -1.000000953674316406e+00 9.061840000562370046e-01
2.004370212554932307e-01 -1.000000953674316406e+00 1.056184000056237027e+00
2.004370212554932307e-01 -1.000000953674316406e+00 1.206184000056236938e+00
2.004370212554932307e-01 -1.000000953674316406e+00 1.356184000056236849e+00
2.004370212554932307e-01 -8.500009536743163840e-01 6.061840000562369601e-01
2.004370212554932307e-01 -8.500009536743163840e-01 7.561840000562369823e-01
2.004370212554932307e-01 -8.500009536743163840e-01 1.506184000056236760e+00
2.004370212554932307e-01 -8.500009536743163840e-01 1.656184000056236671e+00
2.004370212554932307e-01 -8.500009536743163840e-01 1.806184000056236583e+00
2.004370212554932307e-01 -8.500009536743163840e-01 1.956184000056236494e+00
2.004370212554932307e-01 -7.000009536743163618e-01 4.561840000562369379e-01
2.004370212554932307e-01 -7.000009536743163618e-01 2.106184000056236627e+00
2.004370212554932307e-01 -7.000009536743163618e-01 2.256184000056236538e+00
2.004370212554932307e-01 -5.500009536743163396e-01 3.061840000562369712e-01
2.004370212554932307e-01 -5.500009536743163396e-01 2.406184000056236449e+00
2.004370212554932307e-01 -4.000009536743163174e-01 1.561840000562369768e-01
2.004370212554932307e-01 -4.000009536743163174e-01 2.556184000056236361e+00
2.004370212554932307e-01 -2.500009536743162952e-01 1.561840000562369768e-01
2.004370212554932307e-01 -2.500009536743162952e-01 2.706184000056236272e+00
2.004370212554932307e-01 -1.000009536743163008e-01 1.561840000562369768e-01
2.004370212554932307e-01 -1.000009536743163008e-01 2.856184000056236183e+00
2.004370212554932307e-01 4.999904632568369367e-02 1.561840000562369768e-01
2.004370212554932307e-01 4.999904632568369367e-02 2.856184000056236183e+00
2.004370212554932307e-01 1.999990463256836881e-01 1.561840000562369768e-01
2.004370212554932307e-01 1.999990463256836881e-01 2.856184000056236183e+00
2.004370212554932307e-01 3.499990463256836826e-01 1.561840000562369768e-01
2.004370212554932307e-01 3.499990463256836826e-01 2.706184000056236272e+00
2.004370212554932307e-01 4.999990463256837048e-01 3.061840000562369712e-01
2.004370212554932307e-01 4.999990463256837048e-01 2.406184000056236449e+00
2.004370212554932307e-01 4.999990463256837048e-01 2.556184000056236361e+00
2.004370212554932307e-01 6.499990463256837270e-01 4.561840000562369379e-01
2.004370212554932307e-01 6.499990463256837270e-01 2.256184000056236538e+00
2.004370212554932307e-01 7.999990463256837492e-01 6.061840000562369601e-01
2.004370212554932307e-01 7.999990463256837492e-01 1.806184000056236583e+00
2.004370212554932307e-01 7.999990463256837492e-01 1.956184000056236494e+00
2.004370212554932307e-01 7.999990463256837492e-01 2.106184000056236627e+00
2.004370212554932307e-01 9.499990463256837714e-01 7.561840000562369823e-01
2.004370212554932307e-01 9.499990463256837714e-01 9.061840000562370046e-01
2.004370212554932307e-01 9.499990463256837714e-01 1.056184000056237027e+00
2.004370212554932307e-01 9.499990463256837714e-01 1.206184000056236938e+00
2.004370212554932307e-01 9.499990463256837714e-01 1.356184000056236849e+00
2.004370212554932307e-01 9.499990463256837714e-01 1.506184000056236760e+00
2.004370212554932307e-01 9.499990463256837714e-01 1.656184000056236671e+00
3.504370212554932529e-01 -8.500009536743163840e-01 7.561840000562369823e-01
3.504370212554932529e-01 -8.500009536743163840e-01 9.061840000562370046e-01
3.504370212554932529e-01 -8.500009536743163840e-01 1.056184000056237027e+00
3.504370212554932529e-01 -8.500009536743163840e-01 1.206184000056236938e+00
3.504370212554932529e-01 -8.500009536743163840e-01 1.356184000056236849e+00
3.504370212554932529e-01 -8.500009536743163840e-01 1.506184000056236760e+00
3.504370212554932529e-01 -8.500009536743163840e-01 1.656184000056236671e+00
3.504370212554932529e-01 -8.500009536743163840e-01 1.806184000056236583e+00
3.504370212554932529e-01 -7.000009536743163618e-01 6.061840000562369601e-01
3.504370212554932529e-01 -7.000009536743163618e-01 1.956184000056236494e+00
3.504370212554932529e-01 -7.000009536743163618e-01 2.106184000056236627e+00
3.504370212554932529e-01 -5.500009536743163396e-01 4.561840000562369379e-01
3.504370212554932529e-01 -5.500009536743163396e-01 2.256184000056236538e+00
3.504370212554932529e-01 -4.000009536743163174e-01 3.061840000562369712e-01
3.504370212554932529e-01 -4.000009536743163174e-01 2.406184000056236449e+00
3.504370212554932529e-01 -4.000009536743163174e-01 2.556184000056236361e+00
3.504370212554932529e-01 -2.500009536743162952e-01 1.561840000562369768e-01
3.504370212554932529e-01 -2.500009536743162952e-01 2.706184000056236272e+00
3.504370212554932529e-01 -1.000009536743163008e-01 1.561840000562369768e-01
3.504370212554932529e-01 -1.000009536743163008e-01 2.706184000056236272e+00
3.504370212554932529e-01 4.999904632568369367e-02 1.561840000562369768e-01
3.504370212554932529e-01 4.999904632568369367e-02 2.706184000056236272e+00
3.504370212554932529e-01 1.999990463256836881e-01 1.561840000562369768e-01
3.504370212554932529e-01 1.999990463256836881e-01 2.706184000056236272e+00
3.504370212554932529e-01 3.499990463256836826e-01 3.061840000562369712e-01
3.504370212554932529e-01 3.499990463256836826e-01 2.556184000056236361e+00
3.504370212554932529e-01 4.999990463256837048e-01 3.061840000562369712e-01
3.504370212554932529e-01 4.999990463256837048e-01 2.256184000056236538e+00
3.504370212554932529e-01 4.999990463256837048e-01 2.406184000056236449e+00
3.504370212554932529e-01 6.499990463256837270e-01 4.561840000562369379e-01
3.504370212554932529e-01 6.499990463256837270e-01 1.956184000056236494e+00
3.504370212554932529e-01 6.499990463256837270e-01 2.106184000056236627e+00
3.504370212554932529e-01 7.999990463256837492e-01 6.061840000562369601e-01
3.504370212554932529e-01 7.999990463256837492e-01 7.561840000562369823e-01
3.504370212554932529e-01 7.999990463256837492e-01 9.061840000562370046e-01
3.504370212554932529e-01 7.999990463256837492e-01 1.506184000056236760e+00
3.504370212554932529e-01 7.999990463256837492e-01 1.656184000056236671e+00
3.504370212554932529e-01 7.999990463256837492e-01 1.806184000056236583e+00
3.504370212554932529e-01 9.499990463256837714e-01 1.056184000056237027e+00
3.504370212554932529e-01 9.499990463256837714e-01 1.206184000056236938e+00
3.504370212554932529e-01 9.499990463256837714e-01 1.356184000056236849e+00
5.004370212554932751e-01 -8.500009536743163840e-01 9.061840000562370046e-01
5.004370212554932751e-01 -8.500009536743163840e-01 1.056184000056237027e+00
5.004370212554932751e-01 -8.500009536743163840e-01 1.206184000056236938e+00
5.004370212554932751e-01 -8.500009536743163840e-01 1.356184000056236849e+00
5.004370212554932751e-01 -7.000009536743163618e-01 6.061840000562369601e-01
5.004370212554932751e-01 -7.000009536743163618e-01 7.561840000562369823e-01
5.004370212554932751e-01 -7.000009536743163618e-01 1.506184000056236760e+00
5.004370212554932751e-01 -7.000009536743163618e-01 1.656184000056236671e+00
5.004370212554932751e-01 -7.000009536743163618e-01 1.806184000056236583e+00
5.004370212554932751e-01 -5.500009536743163396e-01 4.561840000562369379e-01
5.004370212554932751e-01 -5.500009536743163396e-01 1.956184000056236494e+00
5.004370212554932751e-01 -5.500009536743163396e-01 2.106184000056236627e+00
5.004370212554932751e-01 -4.000009536743163174e-01 4.561840000562369379e-01
5.004370212554932751e-01 -4.000009536743163174e-01 2.256184000056236538e+00
5.004370212554932751e-01 -2.500009536743162952e-01 3.061840000562369712e-01
5.004370212554932751e-01 -2.500009536743162952e-01 2.406184000056236449e+00
5.004370212554932751e-01 -2.500009536743162952e-01 2.556184000056236361e+00
5.004370212554932751e-01 -1.000009536743163008e-01 3.061840000562369712e-01
5.004370212554932751e-01 -1.000009536743163008e-01 2.556184000056236361e+00
5.004370212554932751e-01 4.999904632568369367e-02 3.061840000562369712e-01
5.004370212554932751e-01 4.999904632568369367e-02 2.556184000056236361e+00
5.004370212554932751e-01 1.999990463256836881e-01 3.061840000562369712e-01
5.004370212554932751e-01 1.999990463256836881e-01 2.406184000056236449e+00
5.004370212554932751e-01 1.999990463256836881e-01 2.556184000056236361e+00
5.004370212554932751e-01 3.499990463256836826e-01 3.061840000562369712e-01
5.004370212554932751e-01 3.499990463256836826e-01 2.256184000056236538e+00
5.004370212554932751e-01 3.499990463256836826e-01 2.406184000056236449e+00
5.004370212554932751e-01 4.999990463256837048e-01 4.561840000562369379e-01
5.004370212554932751e-01 4.999990463256837048e-01 2.106184000056236627e+00
5.004370212554932751e-01 6.499990463256837270e-01 6.061840000562369601e-01
5.004370212554932751e-01 6.499990463256837270e-01 7.561840000562369823e-01
5.004370212554932751e-01 6.499990463256837270e-01 1.656184000056236671e+00
5.004370212554932751e-01 6.499990463256837270e-01 1.806184000056236583e+00
5.004370212554932751e-01 6.499990463256837270e-01 1.956184000056236494e+00
5.004370212554932751e-01 7.999990463256837492e-01 9.061840000562370046e-01
5.004370212554932751e-01 7.999990463256837492e-01 1.056184000056237027e+00
5.004370212554932751e-01 7.999990463256837492e-01 1.206184000056236938e+00
5.004370212554932751e-01 7.999990463256837492e-01 1.356184000056236849e+00
5.004370212554932751e-01 7.999990463256837492e-01 1.506184000056236760e+00
6.504370212554932973e-01 -7.000009536743163618e-01 9.061840000562370046e-01
6.504370212554932973e-01 -7.000009536743163618e-01 1.056184000056237027e+00
6.504370212554932973e-01 -7.000009536743163618e-01 1.206184000056236938e+00
6.504370212554932973e-01 -7.000009536743163618e-01 1.356184000056236849e+00
6.504370212554932973e-01 -5.500009536743163396e-01 6.061840000562369601e-01
6.504370212554932973e-01 -5.500009536743163396e-01 7.561840000562369823e-01
6.504370212554932973e-01 -5.500009536743163396e-01 1.506184000056236760e+00
6.504370212554932973e-01 -5.500009536743163396e-01 1.656184000056236671e+00
6.504370212554932973e-01 -5.500009536743163396e-01 1.806184000056236583e+00
6.504370212554932973e-01 -4.000009536743163174e-01 6.061840000562369601e-01
6.504370212554932973e-01 -4.000009536743163174e-01 1.956184000056236494e+00
6.504370212554932973e-01 -4.000009536743163174e-01 2.106184000056236627e+00
6.504370212554932973e-01 -2.500009536743162952e-01 4.561840000562369379e-01
6.504370212554932973e-01 -2.500009536743162952e-01 2.106184000056236627e+00
6.504370212554932973e-01 -2.500009536743162952e-01 2.256184000056236538e+00
6.504370212554932973e-01 -1.000009536743163008e-01 4.561840000562369379e-01
6.504370212554932973e-01 -1.000009536743163008e-01 2.256184000056236538e+00
6.504370212554932973e-01 -1.000009536743163008e-01 2.406184000056236449e+00
6.504370212554932973e-01 4.999904632568369367e-02 3.061840000562369712e-01
6.504370212554932973e-01 4.999904632568369367e-02 2.256184000056236538e+00
6.504370212554932973e-01 4.999904632568369367e-02 2.406184000056236449e+00
6.504370212554932973e-01 1.999990463256836881e-01 4.561840000562369379e-01
6.504370212554932973e-01 1.999990463256836881e-01 2.256184000056236538e+00
6.504370212554932973e-01 3.499990463256836826e-01 4.561840000562369379e-01
6.504370212554932973e-01 3.499990463256836826e-01 1.956184000056236494e+00
6.504370212554932973e-01 3.499990463256836826e-01 2.106184000056236627e+00
6.504370212554932973e-01 4.999990463256837048e-01 6.061840000562369601e-01
6.504370212554932973e-01 4.999990463256837048e-01 7.561840000562369823e-01
6.504370212554932973e-01 4.999990463256837048e-01 1.656184000056236671e+00
6.504370212554932973e-01 4.999990463256837048e-01 1.806184000056236583e+00
6.504370212554932973e-01 4.999990463256837048e-01 1.956184000056236494e+00
6.504370212554932973e-01 6.499990463256837270e-01 9.061840000562370046e-01
6.504370212554932973e-01 6.499990463256837270e-01 1.056184000056237027e+00
6.504370212554932973e-01 6.499990463256837270e-01 1.206184000056236938e+00
6.504370212554932973e-01 6.499990463256837270e-01 1.356184000056236849e+00
6.504370212554932973e-01 6.499990463256837270e-01 1.506184000056236760e+00
8.004370212554933195e-01 -5.500009536743163396e-01 9.061840000562370046e-01
8.004370212554933195e-01 -5.500009536743163396e-01 1.056184000056237027e+00
8.004370212554933195e-01 -5.500009536743163396e-01 1.206184000056236938e+00
8.004370212554933195e-01 -5.500009536743163396e-01 1.356184000056236849e+00
8.004370212554933195e-01 -4.000009536743163174e-01 7.561840000562369823e-01
8.004370212554933195e-01 -4.000009536743163174e-01 9.061840000562370046e-01
8.004370212554933195e-01 -4.000009536743163174e-01 1.056184000056237027e+00
8.004370212554933195e-01 -4.000009536743163174e-01 1.206184000056236938e+00
8.004370212554933195e-01 -4.000009536743163174e-01 1.356184000056236849e+00
8.004370212554933195e-01 -4.000009536743163174e-01 1.506184000056236760e+00
8.004370212554933195e-01 -4.000009536743163174e-01 1.656184000056236671e+00
8.004370212554933195e-01 -4.000009536743163174e-01 1.806184000056236583e+00
8.004370212554933195e-01 -2.500009536743162952e-01 6.061840000562369601e-01
8.004370212554933195e-01 -2.500009536743162952e-01 7.561840000562369823e-01
8.004370212554933195e-01 -2.500009536743162952e-01 1.656184000056236671e+00
8.004370212554933195e-01 -2.500009536743162952e-01 1.806184000056236583e+00
8.004370212554933195e-01 -2.500009536743162952e-01 1.956184000056236494e+00
8.004370212554933195e-01 -1.000009536743163008e-01 6.061840000562369601e-01
8.004370212554933195e-01 -1.000009536743163008e-01 1.806184000056236583e+00
8.004370212554933195e-01 -1.000009536743163008e-01 1.956184000056236494e+00
8.004370212554933195e-01 -1.000009536743163008e-01 2.106184000056236627e+00
8.004370212554933195e-01 4.999904632568369367e-02 4.561840000562369379e-01
8.004370212554933195e-01 4.999904632568369367e-02 6.061840000562369601e-01
8.004370212554933195e-01 4.999904632568369367e-02 1.956184000056236494e+00
8.004370212554933195e-01 4.999904632568369367e-02 2.106184000056236627e+00
8.004370212554933195e-01 1.999990463256836881e-01 6.061840000562369601e-01
8.004370212554933195e-01 1.999990463256836881e-01 1.806184000056236583e+00
8.004370212554933195e-01 1.999990463256836881e-01 1.956184000056236494e+00
8.004370212554933195e-01 1.999990463256836881e-01 2.106184000056236627e+00
8.004370212554933195e-01 3.499990463256836826e-01 6.061840000562369601e-01
8.004370212554933195e-01 3.499990463256836826e-01 7.561840000562369823e-01
8.004370212554933195e-01 3.499990463256836826e-01 9.061840000562370046e-01
8.004370212554933195e-01 3.499990463256836826e-01 1.506184000056236760e+00
8.004370212554933195e-01 3.499990463256836826e-01 1.656184000056236671e+00
8.004370212554933195e-01 3.499990463256836826e-01 1.806184000056236583e+00
8.004370212554933195e-01 4.999990463256837048e-01 9.061840000562370046e-01
8.004370212554933195e-01 4.999990463256837048e-01 1.056184000056237027e+00
8.004370212554933195e-01 4.999990463256837048e-01 1.206184000056236938e+00
8.004370212554933195e-01 4.999990463256837048e-01 1.356184000056236849e+00
8.004370212554933195e-01 4.999990463256837048e-01 1.506184000056236760e+00
9.504370212554933417e-01 -2.500009536743162952e-01 9.061840000562370046e-01
9.504370212554933417e-01 -2.500009536743162952e-01 1.056184000056237027e+00
9.504370212554933417e-01 -2.500009536743162952e-01 1.206184000056236938e+00
9.504370212554933417e-01 -2.500009536743162952e-01 1.356184000056236849e+00
9.504370212554933417e-01 -2.500009536743162952e-01 1.506184000056236760e+00
9.504370212554933417e-01 -1.000009536743163008e-01 7.561840000562369823e-01
9.504370212554933417e-01 -1.000009536743163008e-01 9.061840000562370046e-01
9.504370212554933417e-01 -1.000009536743163008e-01 1.056184000056237027e+00
9.504370212554933417e-01 -1.000009536743163008e-01 1.206184000056236938e+00
9.504370212554933417e-01 -1.000009536743163008e-01 1.356184000056236849e+00
9.504370212554933417e-01 -1.000009536743163008e-01 1.506184000056236760e+00
9.504370212554933417e-01 -1.000009536743163008e-01 1.656184000056236671e+00
9.504370212554933417e-01 4.999904632568369367e-02 7.561840000562369823e-01
9.504370212554933417e-01 4.999904632568369367e-02 9.061840000562370046e-01
9.504370212554933417e-01 4.999904632568369367e-02 1.056184000056237027e+00
9.504370212554933417e-01 4.999904632568369367e-02 1.206184000056236938e+00
9.504370212554933417e-01 4.999904632568369367e-02 1.356184000056236849e+00
9.504370212554933417e-01 4.999904632568369367e-02 1.506184000056236760e+00
9.504370212554933417e-01 4.999904632568369367e-02 1.656184000056236671e+00
9.504370212554933417e-01 4.999904632568369367e-02 1.806184000056236583e+00
9.504370212554933417e-01 1.999990463256836881e-01 7.561840000562369823e-01
9.504370212554933417e-01 1.999990463256836881e-01 9.061840000562370046e-01
9.504370212554933417e-01 1.999990463256836881e-01 1.056184000056237027e+00
9.504370212554933417e-01 1.999990463256836881e-01 1.206184000056236938e+00
9.504370212554933417e-01 1.999990463256836881e-01 1.356184000056236849e+00
9.504370212554933417e-01 1.999990463256836881e-01 1.506184000056236760e+00
9.504370212554933417e-01 1.999990463256836881e-01 1.656184000056236671e+00
9.504370212554933417e-01 3.499990463256836826e-01 1.056184000056237027e+00
9.504370212554933417e-01 3.499990463256836826e-01 1.206184000056236938e+00
9.504370212554933417e-01 3.499990463256836826e-01 1.356184000056236849e+00
