-3.783143861339156588e-01 -8.344063715119415248e-02 8.118526448614186153e-01
-3.783143861339156588e-01 -8.344063715119415248e-02 9.118526448614185931e-01
-3.783143861339156588e-01 -8.344063715119415248e-02 1.011852644861418682e+00
-3.783143861339156588e-01 -8.344063715119415248e-02 1.111852644861418771e+00
-3.783143861339156588e-01 -8.344063715119415248e-02 1.211852644861418860e+00
-3.783143861339156588e-01 1.655936284880585307e-02 8.118526448614186153e-01
-3.783143861339156588e-01 1.655936284880585307e-02 9.118526448614185931e-01
-3.783143861339156588e-01 1.655936284880585307e-02 1.011852644861418682e+00
-3.783143861339156588e-01 1.655936284880585307e-02 1.111852644861418771e+00
-3.783143861339156588e-01 1.655936284880585307e-02 1.211852644861418860e+00
-3.783143861339156588e-01 1.655936284880585307e-02 1.311852644861418948e+00
-3.783143861339156588e-01 1.165593628488058586e-01 8.118526448614186153e-01
-3.783143861339156588e-01 1.165593628488058586e-01 9.118526448614185931e-01
-3.783143861339156588e-01 1.165593628488058586e-01 1.011852644861418682e+00
-3.783143861339156588e-01 1.165593628488058586e-01 1.111852644861418771e+00
-2.783143861339156810e-01 -2.834406371511941636e-01 1.011852644861418682e+00
-2.783143861339156810e-01 -1.834406371511941580e-01 6.118526448614186597e-01
-2.783143861339156810e-01 -1.834406371511941580e-01 7.118526448614186375e-01
-2.783143861339156810e-01 -1.834406371511941580e-01 8.118526448614186153e-01
-2.783143861339156810e-01 -1.834406371511941580e-01 9.118526448614185931e-01
-2.783143861339156810e-01 -1.834406371511941580e-01 1.011852644861418682e+00
-2.783143861339156810e-01 -1.834406371511941580e-01 1.111852644861418771e+00
-2.783143861339156810e-01 -1.834406371511941580e-01 1.211852644861418860e+00
-2.783143861339156810e-01 -1.834406371511941580e-01 1.311852644861418948e+00
-2.783143861339156810e-01 -1.834406371511941580e-01 1.411852644861419037e+00
-2.783143861339156810e-01 -8.344063715119415248e-02 5.118526448614186819e-01
-2.783143861339156810e-01 -8.344063715119415248e-02 6.118526448614186597e-01
-2.783143861339156810e-01 -8.344063715119415248e-02 7.118526448614186375e-01
-2.783143861339156810e-01 -8.344063715119415248e-02 8.118526448614186153e-01
-2.783143861339156810e-01 -8.344063715119415248e-02 9.118526448614185931e-01
-2.783143861339156810e-01 -8.344063715119415248e-02 1.011852644861418682e+00
-2.783143861339156810e-01 -8.344063715119415248e-02 1.111852644861418771e+00
-2.783143861339156810e-01 -8.344063715119415248e-02 1.211852644861418860e+00
-2.783143861339156810e-01 -8.344063715119415248e-02 1.311852644861418948e+00
-2.783143861339156810e-01 -8.344063715119415248e-02 1.411852644861419037e+00
-2.783143861339156810e-01 -8.344063715119415248e-02 1.511852644861419126e+00
-2.783143861339156810e-01 1.655936284880585307e-02 5.118526448614186819e-01
-2.783143861339156810e-01 1.655936284880585307e-02 6.118526448614186597e-01
-2.783143861339156810e-01 1.655936284880585307e-02 7.118526448614186375e-01
-2.783143861339156810e-01 1.655936284880585307e-02 8.118526448614186153e-01
-2.783143861339156810e-01 1.655936284880585307e-02 9.118526448614185931e-01
-2.783143861339156810e-01 1.655936284880585307e-02 1.011852644861418682e+00
-2.783143861339156810e-01 1.655936284880585307e-02 1.111852644861418771e+00
-2.783143861339156810e-01 1.655936284880585307e-02 1.211852644861418860e+00
-2.783143861339156810e-01 1.655936284880585307e-02 1.311852644861418948e+00
-2.783143861339156810e-01 1.655936284880585307e-02 1.411852644861419037e+00
-2.783143861339156810e-01 1.655936284880585307e-02 1.511852644861419126e+00
-2.783143861339156810e-01 1.165593628488058586e-01 5.118526448614186819e-01
-2.783143861339156810e-01 1.165593628488058586e-01 6.118526448614186597e-01
-2.783143861339156810e-01 1.165593628488058586e-01 7.118526448614186375e-01
-2.783143861339156810e-01 1.165593628488058586e-01 8.118526448614186153e-01
-2.783143861339156810e-01 1.165593628488058586e-01 9.118526448614185931e-01
-2.783143861339156810e-01 1.165593628488058586e-01 1.011852644861418682e+00
-2.783143861339156810e-01 1.165593628488058586e-01 1.111852644861418771e+00
-2.783143861339156810e-01 1.165593628488058586e-01 1.211852644861418860e+00
-2.783143861339156810e-01 1.165593628488058586e-01 1.311852644861418948e+00
-2.783143861339156810e-01 1.165593628488058586e-01 1.411852644861419037e+00
-2.783143861339156810e-01 2.165593628488058642e-01 7.118526448614186375e-01
-2.783143861339156810e-01 2.165593628488058642e-01 8.118526448614186153e-01
-2.783143861339156810e-01 2.165593628488058642e-01 9.118526448614185931e-01
-2.783143861339156810e-01 2.165593628488058642e-01 1.011852644861418682e+00
-2.783143861339156810e-01 2.165593628488058642e-01 1.111852644861418771e+00
-2.783143861339156810e-01 2.165593628488058642e-01 1.211852644861418860e+00
-2.783143861339156810e-01 2.165593628488058642e-01 1.311852644861418948e+00
-1.783143861339156755e-01 -2.834406371511941636e-01 6.118526448614186597e-01
-1.783143861339156755e-01 -2.834406371511941636e-01 7.118526448614186375e-01
-1.783143861339156755e-01 -2.834406371511941636e-01 8.118526448614186153e-01
-1.783143861339156755e-01 -2.834406371511941636e-01 9.118526448614185931e-01
-1.783143861339156755e-01 -2.834406371511941636e-01 1.011852644861418682e+00
-1.783143861339156755e-01 -2.834406371511941636e-01 1.111852644861418771e+00
-1.783143861339156755e-01 -2.834406371511941636e-01 1.211852644861418860e+00
-1.783143861339156755e-01 -2.834406371511941636e-01 1.311852644861418948e+00
-1.783143861339156755e-01 -1.834406371511941580e-01 5.118526448614186819e-01
-1.783143861339156755e-01 -1.834406371511941580e-01 6.118526448614186597e-01
-1.783143861339156755e-01 -1.834406371511941580e-01 7.118526448614186375e-01
-1.783143861339156755e-01 -1.834406371511941580e-01 8.118526448614186153e-01
-1.783143861339156755e-01 -1.834406371511941580e-01 9.118526448614185931e-01
-1.783143861339156755e-01 -1.834406371511941580e-01 1.011852644861418682e+00
-1.783143861339156755e-01 -1.834406371511941580e-01 1.111852644861418771e+00
-1.783143861339156755e-01 -1.834406371511941580e-01 1.211852644861418860e+00
-1.783143861339156755e-01 -1.834406371511941580e-01 1.311852644861418948e+00
-1.783143861339156755e-01 -1.834406371511941580e-01 1.411852644861419037e+00
-1.783143861339156755e-01 -1.834406371511941580e-01 1.511852644861419126e+00
-1.783143861339156755e-01 -8.344063715119415248e-02 4.118526448614187041e-01
-1.783143861339156755e-01 -8.344063715119415248e-02 5.118526448614186819e-01
-1.783143861339156755e-01 -8.344063715119415248e-02 6.118526448614186597e-01
-1.783143861339156755e-01 -8.344063715119415248e-02 7.118526448614186375e-01
-1.783143861339156755e-01 -8.344063715119415248e-02 8.118526448614186153e-01
-1.783143861339156755e-01 -8.344063715119415248e-02 9.118526448614185931e-01
-1.783143861339156755e-01 -8.344063715119415248e-02 1.011852644861418682e+00
-1.783143861339156755e-01 -8.344063715119415248e-02 1.111852644861418771e+00
-1.783143861339156755e-01 -8.344063715119415248e-02 1.211852644861418860e+00
-1.783143861339156755e-01 -8.344063715119415248e-02 1.311852644861418948e+00
-1.783143861339156755e-01 -8.344063715119415248e-02 1.411852644861419037e+00
-1.783143861339156755e-01 -8.344063715119415248e-02 1.511852644861419126e+00
-1.783143861339156755e-01 -8.344063715119415248e-02 1.611852644861419215e+00
-1.783143861339156755e-01 1.655936284880585307e-02 3.118526448614186708e-01
-1.783143861339156755e-01 1.655936284880585307e-02 4.118526448614187041e-01
-1.783143861339156755e-01 1.655936284880585307e-02 5.118526448614186819e-01
-1.783143861339156755e-01 1.655936284880585307e-02 6.118526448614186597e-01
-1.783143861339156755e-01 1.655936284880585307e-02 7.118526448614186375e-01
-1.783143861339156755e-01 1.655936284880585307e-02 8.118526448614186153e-01
-1.783143861339156755e-01 1.655936284880585307e-02 9.118526448614185931e-01
-1.783143861339156755e-01 1.655936284880585307e-02 1.011852644861418682e+00
-1.783143861339156755e-01 1.655936284880585307e-02 1.111852644861418771e+00
-1.783143861339156755e-01 1.655936284880585307e-02 1.211852644861418860e+00
-1.783143861339156755e-01 1.655936284880585307e-02 1.311852644861418948e+00
-1.783143861339156755e-01 1.655936284880585307e-02 1.411852644861419037e+00
-1.783143861339156755e-01 1.655936284880585307e-02 1.511852644861419126e+00
-1.783143861339156755e-01 1.655936284880585307e-02 1.611852644861419215e+00
-1.783143861339156755e-01 1.165593628488058586e-01 4.118526448614187041e-01
-1.783143861339156755e-01 1.165593628488058586e-01 5.118526448614186819e-01
-1.783143861339156755e-01 1.165593628488058586e-01 6.118526448614186597e-01
-1.783143861339156755e-01 1.165593628488058586e-01 7.118526448614186375e-01
-1.783143861339156755e-01 1.165593628488058586e-01 8.118526448614186153e-01
-1.783143861339156755e-01 1.165593628488058586e-01 9.118526448614185931e-01
-1.783143861339156755e-01 1.165593628488058586e-01 1.011852644861418682e+00
-1.783143861339156755e-01 1.165593628488058586e-01 1.111852644861418771e+00
-1.783143861339156755e-01 1.165593628488058586e-01 1.211852644861418860e+00
-1.783143861339156755e-01 1.165593628488058586e-01 1.311852644861418948e+00
-1.783143861339156755e-01 1.165593628488058586e-01 1.411852644861419037e+00
-1.783143861339156755e-01 1.165593628488058586e-01 1.511852644861419126e+00
-1.783143861339156755e-01 1.165593628488058586e-01 1.611852644861419215e+00
-1.783143861339156755e-01 2.165593628488058642e-01 5.118526448614186819e-01
-1.783143861339156755e-01 2.165593628488058642e-01 6.118526448614186597e-01
-1.783143861339156755e-01 2.165593628488058642e-01 7.118526448614186375e-01
-1.783143861339156755e-01 2.165593628488058642e-01 8.118526448614186153e-01
-1.783143861339156755e-01 2.165593628488058642e-01 9.118526448614185931e-01
-1.783143861339156755e-01 2.165593628488058642e-01 1.011852644861418682e+00
-1.783143861339156755e-01 2.165593628488058642e-01 1.111852644861418771e+00
-1.783143861339156755e-01 2.165593628488058642e-01 1.211852644861418860e+00
-1.783143861339156755e-01 2.165593628488058642e-01 1.311852644861418948e+00
-1.783143861339156755e-01 2.165593628488058642e-01 1.411852644861419037e+00
-1.783143861339156755e-01 2.165593628488058642e-01 1.511852644861419126e+00
-1.783143861339156755e-01 3.165593628488058697e-01 7.118526448614186375e-01
-1.783143861339156755e-01 3.165593628488058697e-01 8.118526448614186153e-01
-1.783143861339156755e-01 3.165593628488058697e-01 9.118526448614185931e-01
-1.783143861339156755e-01 3.165593628488058697e-01 1.011852644861418682e+00
-1.783143861339156755e-01 3.165593628488058697e-01 1.111852644861418771e+00
-1.783143861339156755e-01 3.165593628488058697e-01 1.211852644861418860e+00
-7.831438613391566994e-02 -3.834406371511941414e-01 8.118526448614186153e-01
-7.831438613391566994e-02 -3.834406371511941414e-01 9.118526448614185931e-01
-7.831438613391566994e-02 -3.834406371511941414e-01 1.011852644861418682e+00
-7.831438613391566994e-02 -3.834406371511941414e-01 1.111852644861418771e+00
-7.831438613391566994e-02 -2.834406371511941636e-01 5.118526448614186819e-01
-7.831438613391566994e-02 -2.834406371511941636e-01 6.118526448614186597e-01
-7.831438613391566994e-02 -2.834406371511941636e-01 7.118526448614186375e-01
-7.831438613391566994e-02 -2.834406371511941636e-01 8.118526448614186153e-01
-7.831438613391566994e-02 -2.834406371511941636e-01 9.118526448614185931e-01
-7.831438613391566994e-02 -2.834406371511941636e-01 1.011852644861418682e+00
-7.831438613391566994e-02 -2.834406371511941636e-01 1.111852644861418771e+00
-7.831438613391566994e-02 -2.834406371511941636e-01 1.211852644861418860e+00
-7.831438613391566994e-02 -2.834406371511941636e-01 1.311852644861418948e+00
-7.831438613391566994e-02 -2.834406371511941636e-01 1.411852644861419037e+00
-7.831438613391566994e-02 -2.834406371511941636e-01 1.511852644861419126e+00
-7.831438613391566994e-02 -1.834406371511941580e-01 4.118526448614187041e-01
-7.831438613391566994e-02 -1.834406371511941580e-01 5.118526448614186819e-01
-7.831438613391566994e-02 -1.834406371511941580e-01 6.118526448614186597e-01
-7.831438613391566994e-02 -1.834406371511941580e-01 7.118526448614186375e-01
-7.831438613391566994e-02 -1.834406371511941580e-01 8.118526448614186153e-01
-7.831438613391566994e-02 -1.834406371511941580e-01 9.118526448614185931e-01
-7.831438613391566994e-02 -1.834406371511941580e-01 1.011852644861418682e+00
-7.831438613391566994e-02 -1.834406371511941580e-01 1.111852644861418771e+00
-7.831438613391566994e-02 -1.834406371511941580e-01 1.211852644861418860e+00
-7.831438613391566994e-02 -1.834406371511941580e-01 1.311852644861418948e+00
-7.831438613391566994e-02 -1.834406371511941580e-01 1.411852644861419037e+00
-7.831438613391566994e-02 -1.834406371511941580e-01 1.511852644861419126e+00
-7.831438613391566994e-02 -1.834406371511941580e-01 1.611852644861419215e+00
-7.831438613391566994e-02 -8.344063715119415248e-02 3.118526448614186708e-01
-7.831438613391566994e-02 -8.344063715119415248e-02 4.118526448614187041e-01
-7.831438613391566994e-02 -8.344063715119415248e-02 5.118526448614186819e-01
-7.831438613391566994e-02 -8.344063715119415248e-02 6.118526448614186597e-01
-7.831438613391566994e-02 -8.344063715119415248e-02 7.118526448614186375e-01
-7.831438613391566994e-02 -8.344063715119415248e-02 8.118526448614186153e-01
-7.831438613391566994e-02 -8.344063715119415248e-02 9.118526448614185931e-01
-7.831438613391566994e-02 -8.344063715119415248e-02 1.011852644861418682e+00
-7.831438613391566994e-02 -8.344063715119415248e-02 1.111852644861418771e+00
-7.831438613391566994e-02 -8.344063715119415248e-02 1.211852644861418860e+00
-7.831438613391566994e-02 -8.344063715119415248e-02 1.311852644861418948e+00
-7.831438613391566994e-02 -8.344063715119415248e-02 1.411852644861419037e+00
-7.831438613391566994e-02 -8.344063715119415248e-02 1.511852644861419126e+00
-7.831438613391566994e-02 -8.344063715119415248e-02 1.611852644861419215e+00
-7.831438613391566994e-02 -8.344063715119415248e-02 1.711852644861419304e+00
-7.831438613391566994e-02 1.655936284880585307e-02 3.118526448614186708e-01
-7.831438613391566994e-02 1.655936284880585307e-02 4.118526448614187041e-01
-7.831438613391566994e-02 1.655936284880585307e-02 5.118526448614186819e-01
-7.831438613391566994e-02 1.655936284880585307e-02 6.118526448614186597e-01
-7.831438613391566994e-02 1.655936284880585307e-02 7.118526448614186375e-01
-7.831438613391566994e-02 1.655936284880585307e-02 8.118526448614186153e-01
-7.831438613391566994e-02 1.655936284880585307e-02 9.118526448614185931e-01
-7.831438613391566994e-02 1.655936284880585307e-02 1.011852644861418682e+00
-7.831438613391566994e-02 1.655936284880585307e-02 1.111852644861418771e+00
-7.831438613391566994e-02 1.655936284880585307e-02 1.211852644861418860e+00
-7.831438613391566994e-02 1.655936284880585307e-02 1.311852644861418948e+00
-7.831438613391566994e-02 1.655936284880585307e-02 1.411852644861419037e+00
-7.831438613391566994e-02 1.655936284880585307e-02 1.511852644861419126e+00
-7.831438613391566994e-02 1.655936284880585307e-02 1.611852644861419215e+00
-7.831438613391566994e-02 1.655936284880585307e-02 1.711852644861419304e+00
-7.831438613391566994e-02 1.165593628488058586e-01 3.118526448614186708e-01
-7.831438613391566994e-02 1.165593628488058586e-01 4.118526448614187041e-01
-7.831438613391566994e-02 1.165593628488058586e-01 5.118526448614186819e-01
-7.831438613391566994e-02 1.165593628488058586e-01 6.118526448614186597e-01
-7.831438613391566994e-02 1.165593628488058586e-01 7.118526448614186375e-01
-7.831438613391566994e-02 1.165593628488058586e-01 8.118526448614186153e-01
-7.831438613391566994e-02 1.165593628488058586e-01 9.118526448614185931e-01
-7.831438613391566994e-02 1.165593628488058586e-01 1.011852644861418682e+00
-7.831438613391566994e-02 1.165593628488058586e-01 1.111852644861418771e+00
-7.831438613391566994e-02 1.165593628488058586e-01 1.211852644861418860e+00
-7.831438613391566994e-02 1.165593628488058586e-01 1.311852644861418948e+00
-7.831438613391566994e-02 1.165593628488058586e-01 1.411852644861419037e+00
-7.831438613391566994e-02 1.165593628488058586e-01 1.511852644861419126e+00
-7.831438613391566994e-02 1.165593628488058586e-01 1.611852644861419215e+00
-7.831438613391566994e-02 1.165593628488058586e-01 1.711852644861419304e+00
-7.831438613391566994e-02 2.165593628488058642e-01 4.118526448614187041e-01
-7.831438613391566994e-02 2.165593628488058642e-01 5.118526448614186819e-01
-7.831438613391566994e-02 2.165593628488058642e-01 6.118526448614186597e-01
-7.831438613391566994e-02 2.165593628488058642e-01 7.118526448614186375e-01
-7.831438613391566994e-02 2.165593628488058642e-01 8.118526448614186153e-01
-7.831438613391566994e-02 2.165593628488058642e-01 9.118526448614185931e-01
-7.831438613391566994e-02 2.165593628488058642e-01 1.011852644861418682e+00
-7.831438613391566994e-02 2.165593628488058642e-01 1.111852644861418771e+00
-7.831438613391566994e-02 2.165593628488058642e-01 1.211852644861418860e+00
-7.831438613391566994e-02 2.165593628488058642e-01 1.311852644861418948e+00
-7.831438613391566994e-02 2.165593628488058642e-01 1.411852644861419037e+00
-7.831438613391566994e-02 2.165593628488058642e-01 1.511852644861419126e+00
-7.831438613391566994e-02 2.165593628488058642e-01 1.611852644861419215e+00
-7.831438613391566994e-02 3.165593628488058697e-01 6.118526448614186597e-01
-7.831438613391566994e-02 3.165593628488058697e-01 7.118526448614186375e-01
-7.831438613391566994e-02 3.165593628488058697e-01 8.118526448614186153e-01
-7.831438613391566994e-02 3.165593628488058697e-01 9.118526448614185931e-01
-7.831438613391566994e-02 3.165593628488058697e-01 1.011852644861418682e+00
-7.831438613391566994e-02 3.165593628488058697e-01 1.111852644861418771e+00
-7.831438613391566994e-02 3.165593628488058697e-01 1.211852644861418860e+00
-7.831438613391566994e-02 3.165593628488058697e-01 1.311852644861418948e+00
-7.831438613391566994e-02 3.165593628488058697e-01 1.411852644861419037e+00
2.168561386608433561e-02 -3.834406371511941414e-01 8.118526448614186153e-01
2.168561386608433561e-02 -3.834406371511941414e-01 9.118526448614185931e-01
2.168561386608433561e-02 -3.834406371511941414e-01 1.011852644861418682e+00
2.168561386608433561e-02 -3.834406371511941414e-01 1.111852644861418771e+00
2.168561386608433561e-02 -3.834406371511941414e-01 1.211852644861418860e+00
2.168561386608433561e-02 -2.834406371511941636e-01 5.118526448614186819e-01
2.168561386608433561e-02 -2.834406371511941636e-01 6.118526448614186597e-01
2.168561386608433561e-02 -2.834406371511941636e-01 7.118526448614186375e-01
2.168561386608433561e-02 -2.834406371511941636e-01 8.118526448614186153e-01
2.168561386608433561e-02 -2.834406371511941636e-01 9.118526448614185931e-01
2.168561386608433561e-02 -2.834406371511941636e-01 1.011852644861418682e+00
2.168561386608433561e-02 -2.834406371511941636e-01 1.111852644861418771e+00
2.168561386608433561e-02 -2.834406371511941636e-01 1.211852644861418860e+00
2.168561386608433561e-02 -2.834406371511941636e-01 1.311852644861418948e+00
2.168561386608433561e-02 -2.834406371511941636e-01 1.411852644861419037e+00
2.168561386608433561e-02 -2.834406371511941636e-01 1.511852644861419126e+00
2.168561386608433561e-02 -1.834406371511941580e-01 3.118526448614186708e-01
2.168561386608433561e-02 -1.834406371511941580e-01 4.118526448614187041e-01
2.168561386608433561e-02 -1.834406371511941580e-01 5.118526448614186819e-01
2.168561386608433561e-02 -1.834406371511941580e-01 6.118526448614186597e-01
2.168561386608433561e-02 -1.834406371511941580e-01 7.118526448614186375e-01
2.168561386608433561e-02 -1.834406371511941580e-01 8.118526448614186153e-01
2.168561386608433561e-02 -1.834406371511941580e-01 9.118526448614185931e-01
2.168561386608433561e-02 -1.834406371511941580e-01 1.011852644861418682e+00
2.168561386608433561e-02 -1.834406371511941580e-01 1.111852644861418771e+00
2.168561386608433561e-02 -1.834406371511941580e-01 1.211852644861418860e+00
2.168561386608433561e-02 -1.834406371511941580e-01 1.311852644861418948e+00
2.168561386608433561e-02 -1.834406371511941580e-01 1.411852644861419037e+00
2.168561386608433561e-02 -1.834406371511941580e-01 1.511852644861419126e+00
2.168561386608433561e-02 -1.834406371511941580e-01 1.611852644861419215e+00
2.168561386608433561e-02 -8.344063715119415248e-02 3.118526448614186708e-01
2.168561386608433561e-02 -8.344063715119415248e-02 4.118526448614187041e-01
2.168561386608433561e-02 -8.344063715119415248e-02 5.118526448614186819e-01
2.168561386608433561e-02 -8.344063715119415248e-02 6.118526448614186597e-01
2.168561386608433561e-02 -8.344063715119415248e-02 7.118526448614186375e-01
2.168561386608433561e-02 -8.344063715119415248e-02 8.118526448614186153e-01
2.168561386608433561e-02 -8.344063715119415248e-02 9.118526448614185931e-01
2.168561386608433561e-02 -8.344063715119415248e-02 1.011852644861418682e+00
2.168561386608433561e-02 -8.344063715119415248e-02 1.111852644861418771e+00
2.168561386608433561e-02 -8.344063715119415248e-02 1.211852644861418860e+00
2.168561386608433561e-02 -8.344063715119415248e-02 1.311852644861418948e+00
2.168561386608433561e-02 -8.344063715119415248e-02 1.411852644861419037e+00
2.168561386608433561e-02 -8.344063715119415248e-02 1.511852644861419126e+00
2.168561386608433561e-02 -8.344063715119415248e-02 1.611852644861419215e+00
2.168561386608433561e-02 -8.344063715119415248e-02 1.711852644861419304e+00
2.168561386608433561e-02 1.655936284880585307e-02 2.118526448614186652e-01
2.168561386608433561e-02 1.655936284880585307e-02 3.118526448614186708e-01
2.168561386608433561e-02 1.655936284880585307e-02 4.118526448614187041e-01
2.168561386608433561e-02 1.655936284880585307e-02 5.118526448614186819e-01
2.168561386608433561e-02 1.655936284880585307e-02 6.118526448614186597e-01
2.168561386608433561e-02 1.655936284880585307e-02 7.118526448614186375e-01
2.168561386608433561e-02 1.655936284880585307e-02 8.118526448614186153e-01
2.168561386608433561e-02 1.655936284880585307e-02 9.118526448614185931e-01
2.168561386608433561e-02 1.655936284880585307e-02 1.011852644861418682e+00
2.168561386608433561e-02 1.655936284880585307e-02 1.111852644861418771e+00
2.168561386608433561e-02 1.655936284880585307e-02 1.211852644861418860e+00
2.168561386608433561e-02 1.655936284880585307e-02 1.311852644861418948e+00
2.168561386608433561e-02 1.655936284880585307e-02 1.411852644861419037e+00
2.168561386608433561e-02 1.655936284880585307e-02 1.511852644861419126e+00
2.168561386608433561e-02 1.655936284880585307e-02 1.611852644861419215e+00
2.168561386608433561e-02 1.655936284880585307e-02 1.711852644861419304e+00
2.168561386608433561e-02 1.165593628488058586e-01 3.118526448614186708e-01
2.168561386608433561e-02 1.165593628488058586e-01 4.118526448614187041e-01
2.168561386608433561e-02 1.165593628488058586e-01 5.118526448614186819e-01
2.168561386608433561e-02 1.165593628488058586e-01 6.118526448614186597e-01
2.168561386608433561e-02 1.165593628488058586e-01 7.118526448614186375e-01
2.168561386608433561e-02 1.165593628488058586e-01 8.118526448614186153e-01
2.168561386608433561e-02 1.165593628488058586e-01 9.118526448614185931e-01
2.168561386608433561e-02 1.165593628488058586e-01 1.011852644861418682e+00
2.168561386608433561e-02 1.165593628488058586e-01 1.111852644861418771e+00
2.168561386608433561e-02 1.165593628488058586e-01 1.211852644861418860e+00
2.168561386608433561e-02 1.165593628488058586e-01 1.311852644861418948e+00
2.168561386608433561e-02 1.165593628488058586e-01 1.411852644861419037e+00
2.168561386608433561e-02 1.165593628488058586e-01 1.511852644861419126e+00
2.168561386608433561e-02 1.165593628488058586e-01 1.611852644861419215e+00
2.168561386608433561e-02 1.165593628488058586e-01 1.711852644861419304e+00
2.168561386608433561e-02 2.165593628488058642e-01 4.118526448614187041e-01
2.168561386608433561e-02 2.165593628488058642e-01 5.118526448614186819e-01
2.168561386608433561e-02 2.165593628488058642e-01 6.118526448614186597e-01
2.168561386608433561e-02 2.165593628488058642e-01 7.118526448614186375e-01
2.168561386608433561e-02 2.165593628488058642e-01 8.118526448614186153e-01
2.168561386608433561e-02 2.165593628488058642e-01 9.118526448614185931e-01
2.168561386608433561e-02 2.165593628488058642e-01 1.011852644861418682e+00
2.168561386608433561e-02 2.165593628488058642e-01 1.111852644861418771e+00
2.168561386608433561e-02 2.165593628488058642e-01 1.211852644861418860e+00
2.168561386608433561e-02 2.165593628488058642e-01 1.311852644861418948e+00
2.168561386608433561e-02 2.165593628488058642e-01 1.411852644861419037e+00
2.168561386608433561e-02 2.165593628488058642e-01 1.511852644861419126e+00
2.168561386608433561e-02 2.165593628488058642e-01 1.611852644861419215e+00
2.168561386608433561e-02 3.165593628488058697e-01 6.118526448614186597e-01
2.168561386608433561e-02 3.165593628488058697e-01 7.118526448614186375e-01
2.168561386608433561e-02 3.165593628488058697e-01 8.118526448614186153e-01
2.168561386608433561e-02 3.165593628488058697e-01 9.118526448614185931e-01
2.168561386608433561e-02 3.165593628488058697e-01 1.011852644861418682e+00
2.168561386608433561e-02 3.165593628488058697e-01 1.111852644861418771e+00
2.168561386608433561e-02 3.165593628488058697e-01 1.211852644861418860e+00
2.168561386608433561e-02 3.165593628488058697e-01 1.311852644861418948e+00
2.168561386608433561e-02 3.165593628488058697e-01 1.411852644861419037e+00
1.216856138660843412e-01 -3.834406371511941414e-01 9.118526448614185931e-01
1.216856138660843412e-01 -3.834406371511941414e-01 1.011852644861418682e+00
1.216856138660843412e-01 -2.834406371511941636e-01 6.118526448614186597e-01
1.216856138660843412e-01 -2.834406371511941636e-01 7.118526448614186375e-01
1.216856138660843412e-01 -2.834406371511941636e-01 8.118526448614186153e-01
1.216856138660843412e-01 -2.834406371511941636e-01 9.118526448614185931e-01
1.216856138660843412e-01 -2.834406371511941636e-01 1.011852644861418682e+00
1.216856138660843412e-01 -2.834406371511941636e-01 1.111852644861418771e+00
1.216856138660843412e-01 -2.834406371511941636e-01 1.211852644861418860e+00
1.216856138660843412e-01 -2.834406371511941636e-01 1.311852644861418948e+00
1.216856138660843412e-01 -2.834406371511941636e-01 1.411852644861419037e+00
1.216856138660843412e-01 -1.834406371511941580e-01 4.118526448614187041e-01
1.216856138660843412e-01 -1.834406371511941580e-01 5.118526448614186819e-01
1.216856138660843412e-01 -1.834406371511941580e-01 6.118526448614186597e-01
1.216856138660843412e-01 -1.834406371511941580e-01 7.118526448614186375e-01
1.216856138660843412e-01 -1.834406371511941580e-01 8.118526448614186153e-01
1.216856138660843412e-01 -1.834406371511941580e-01 9.118526448614185931e-01
1.216856138660843412e-01 -1.834406371511941580e-01 1.011852644861418682e+00
1.216856138660843412e-01 -1.834406371511941580e-01 1.111852644861418771e+00
1.216856138660843412e-01 -1.834406371511941580e-01 1.211852644861418860e+00
1.216856138660843412e-01 -1.834406371511941580e-01 1.311852644861418948e+00
1.216856138660843412e-01 -1.834406371511941580e-01 1.411852644861419037e+00
1.216856138660843412e-01 -1.834406371511941580e-01 1.511852644861419126e+00
1.216856138660843412e-01 -1.834406371511941580e-01 1.611852644861419215e+00
1.216856138660843412e-01 -8.344063715119415248e-02 3.118526448614186708e-01
1.216856138660843412e-01 -8.344063715119415248e-02 4.118526448614187041e-01
1.216856138660843412e-01 -8.344063715119415248e-02 5.118526448614186819e-01
1.216856138660843412e-01 -8.344063715119415248e-02 6.118526448614186597e-01
1.216856138660843412e-01 -8.344063715119415248e-02 7.118526448614186375e-01
1.216856138660843412e-01 -8.344063715119415248e-02 8.118526448614186153e-01
1.216856138660843412e-01 -8.344063715119415248e-02 9.118526448614185931e-01
1.216856138660843412e-01 -8.344063715119415248e-02 1.011852644861418682e+00
1.216856138660843412e-01 -8.344063715119415248e-02 1.111852644861418771e+00
1.216856138660843412e-01 -8.344063715119415248e-02 1.211852644861418860e+00
1.216856138660843412e-01 -8.344063715119415248e-02 1.311852644861418948e+00
1.216856138660843412e-01 -8.344063715119415248e-02 1.411852644861419037e+00
1.216856138660843412e-01 -8.344063715119415248e-02 1.511852644861419126e+00
1.216856138660843412e-01 -8.344063715119415248e-02 1.611852644861419215e+00
1.216856138660843412e-01 -8.344063715119415248e-02 1.711852644861419304e+00
1.216856138660843412e-01 1.655936284880585307e-02 3.118526448614186708e-01
1.216856138660843412e-01 1.655936284880585307e-02 4.118526448614187041e-01
1.216856138660843412e-01 1.655936284880585307e-02 5.118526448614186819e-01
1.216856138660843412e-01 1.655936284880585307e-02 6.118526448614186597e-01
1.216856138660843412e-01 1.655936284880585307e-02 7.118526448614186375e-01
1.216856138660843412e-01 1.655936284880585307e-02 8.118526448614186153e-01
1.216856138660843412e-01 1.655936284880585307e-02 9.118526448614185931e-01
1.216856138660843412e-01 1.655936284880585307e-02 1.011852644861418682e+00
1.216856138660843412e-01 1.655936284880585307e-02 1.111852644861418771e+00
1.216856138660843412e-01 1.655936284880585307e-02 1.211852644861418860e+00
1.216856138660843412e-01 1.655936284880585307e-02 1.311852644861418948e+00
1.216856138660843412e-01 1.655936284880585307e-02 1.411852644861419037e+00
1.216856138660843412e-01 1.655936284880585307e-02 1.511852644861419126e+00
1.216856138660843412e-01 1.655936284880585307e-02 1.611852644861419215e+00
1.216856138660843412e-01 1.655936284880585307e-02 1.711852644861419304e+00
1.216856138660843412e-01 1.165593628488058586e-01 3.118526448614186708e-01
1.216856138660843412e-01 1.165593628488058586e-01 4.118526448614187041e-01
1.216856138660843412e-01 1.165593628488058586e-01 5.118526448614186819e-01
1.216856138660843412e-01 1.165593628488058586e-01 6.118526448614186597e-01
1.216856138660843412e-01 1.165593628488058586e-01 7.118526448614186375e-01
1.216856138660843412e-01 1.165593628488058586e-01 8.118526448614186153e-01
1.216856138660843412e-01 1.165593628488058586e-01 9.118526448614185931e-01
1.216856138660843412e-01 1.165593628488058586e-01 1.011852644861418682e+00
1.216856138660843412e-01 1.165593628488058586e-01 1.111852644861418771e+00
1.216856138660843412e-01 1.165593628488058586e-01 1.211852644861418860e+00
1.216856138660843412e-01 1.165593628488058586e-01 1.311852644861418948e+00
1.216856138660843412e-01 1.165593628488058586e-01 1.411852644861419037e+00
1.216856138660843412e-01 1.165593628488058586e-01 1.511852644861419126e+00
1.216856138660843412e-01 1.165593628488058586e-01 1.611852644861419215e+00
1.216856138660843412e-01 2.165593628488058642e-01 5.118526448614186819e-01
1.216856138660843412e-01 2.165593628488058642e-01 6.118526448614186597e-01
1.216856138660843412e-01 2.165593628488058642e-01 7.118526448614186375e-01
1.216856138660843412e-01 2.165593628488058642e-01 8.118526448614186153e-01
1.216856138660843412e-01 2.165593628488058642e-01 9.118526448614185931e-01
1.216856138660843412e-01 2.165593628488058642e-01 1.011852644861418682e+00
1.216856138660843412e-01 2.165593628488058642e-01 1.111852644861418771e+00
1.216856138660843412e-01 2.165593628488058642e-01 1.211852644861418860e+00
1.216856138660843412e-01 2.165593628488058642e-01 1.311852644861418948e+00
1.216856138660843412e-01 2.165593628488058642e-01 1.411852644861419037e+00
1.216856138660843412e-01 2.165593628488058642e-01 1.511852644861419126e+00
1.216856138660843412e-01 3.165593628488058697e-01 6.118526448614186597e-01
1.216856138660843412e-01 3.165593628488058697e-01 7.118526448614186375e-01
1.216856138660843412e-01 3.165593628488058697e-01 8.118526448614186153e-01
1.216856138660843412e-01 3.165593628488058697e-01 9.118526448614185931e-01
1.216856138660843412e-01 3.165593628488058697e-01 1.011852644861418682e+00
1.216856138660843412e-01 3.165593628488058697e-01 1.111852644861418771e+00
1.216856138660843412e-01 3.165593628488058697e-01 1.211852644861418860e+00
1.216856138660843412e-01 3.165593628488058697e-01 1.311852644861418948e+00
1.216856138660843412e-01 3.165593628488058697e-01 1.411852644861419037e+00
2.216856138660843467e-01 -2.834406371511941636e-01 8.118526448614186153e-01
2.216856138660843467e-01 -2.834406371511941636e-01 9.118526448614185931e-01
2.216856138660843467e-01 -2.834406371511941636e-01 1.011852644861418682e+00
2.216856138660843467e-01 -2.834406371511941636e-01 1.111852644861418771e+00
2.216856138660843467e-01 -2.834406371511941636e-01 1.211852644861418860e+00
2.216856138660843467e-01 -1.834406371511941580e-01 5.118526448614186819e-01
2.216856138660843467e-01 -1.834406371511941580e-01 6.118526448614186597e-01
2.216856138660843467e-01 -1.834406371511941580e-01 7.118526448614186375e-01
2.216856138660843467e-01 -1.834406371511941580e-01 8.118526448614186153e-01
2.216856138660843467e-01 -1.834406371511941580e-01 9.118526448614185931e-01
2.216856138660843467e-01 -1.834406371511941580e-01 1.011852644861418682e+00
2.216856138660843467e-01 -1.834406371511941580e-01 1.111852644861418771e+00
2.216856138660843467e-01 -1.834406371511941580e-01 1.211852644861418860e+00
2.216856138660843467e-01 -1.834406371511941580e-01 1.311852644861418948e+00
2.216856138660843467e-01 -1.834406371511941580e-01 1.411852644861419037e+00
2.216856138660843467e-01 -1.834406371511941580e-01 1.511852644861419126e+00
2.216856138660843467e-01 -8.344063715119415248e-02 4.118526448614187041e-01
2.216856138660843467e-01 -8.344063715119415248e-02 5.118526448614186819e-01
2.216856138660843467e-01 -8.344063715119415248e-02 6.118526448614186597e-01
2.216856138660843467e-01 -8.344063715119415248e-02 7.118526448614186375e-01
2.216856138660843467e-01 -8.344063715119415248e-02 8.118526448614186153e-01
2.216856138660843467e-01 -8.344063715119415248e-02 9.118526448614185931e-01
2.216856138660843467e-01 -8.344063715119415248e-02 1.011852644861418682e+00
2.216856138660843467e-01 -8.344063715119415248e-02 1.111852644861418771e+00
2.216856138660843467e-01 -8.344063715119415248e-02 1.211852644861418860e+00
2.216856138660843467e-01 -8.344063715119415248e-02 1.311852644861418948e+00
2.216856138660843467e-01 -8.344063715119415248e-02 1.411852644861419037e+00
2.216856138660843467e-01 -8.344063715119415248e-02 1.511852644861419126e+00
2.216856138660843467e-01 -8.344063715119415248e-02 1.611852644861419215e+00
2.216856138660843467e-01 1.655936284880585307e-02 4.118526448614187041e-01
2.216856138660843467e-01 1.655936284880585307e-02 5.118526448614186819e-01
2.216856138660843467e-01 1.655936284880585307e-02 6.118526448614186597e-01
2.216856138660843467e-01 1.655936284880585307e-02 7.118526448614186375e-01
2.216856138660843467e-01 1.655936284880585307e-02 8.118526448614186153e-01
2.216856138660843467e-01 1.655936284880585307e-02 9.118526448614185931e-01
2.216856138660843467e-01 1.655936284880585307e-02 1.011852644861418682e+00
2.216856138660843467e-01 1.655936284880585307e-02 1.111852644861418771e+00
2.216856138660843467e-01 1.655936284880585307e-02 1.211852644861418860e+00
2.216856138660843467e-01 1.655936284880585307e-02 1.311852644861418948e+00
2.216856138660843467e-01 1.655936284880585307e-02 1.411852644861419037e+00
2.216856138660843467e-01 1.655936284880585307e-02 1.511852644861419126e+00
2.216856138660843467e-01 1.655936284880585307e-02 1.611852644861419215e+00
2.216856138660843467e-01 1.165593628488058586e-01 4.118526448614187041e-01
2.216856138660843467e-01 1.165593628488058586e-01 5.118526448614186819e-01
2.216856138660843467e-01 1.165593628488058586e-01 6.118526448614186597e-01
2.216856138660843467e-01 1.165593628488058586e-01 7.118526448614186375e-01
2.216856138660843467e-01 1.165593628488058586e-01 8.118526448614186153e-01
2.216856138660843467e-01 1.165593628488058586e-01 9.118526448614185931e-01
2.216856138660843467e-01 1.165593628488058586e-01 1.011852644861418682e+00
2.216856138660843467e-01 1.165593628488058586e-01 1.111852644861418771e+00
2.216856138660843467e-01 1.165593628488058586e-01 1.211852644861418860e+00
2.216856138660843467e-01 1.165593628488058586e-01 1.311852644861418948e+00
2.216856138660843467e-01 1.165593628488058586e-01 1.411852644861419037e+00
2.216856138660843467e-01 1.165593628488058586e-01 1.511852644861419126e+00
2.216856138660843467e-01 2.165593628488058642e-01 6.118526448614186597e-01
2.216856138660843467e-01 2.165593628488058642e-01 7.118526448614186375e-01
2.216856138660843467e-01 2.165593628488058642e-01 8.118526448614186153e-01
2.216856138660843467e-01 2.165593628488058642e-01 9.118526448614185931e-01
2.216856138660843467e-01 2.165593628488058642e-01 1.011852644861418682e+00
2.216856138660843467e-01 2.165593628488058642e-01 1.111852644861418771e+00
2.216856138660843467e-01 2.165593628488058642e-01 1.211852644861418860e+00
2.216856138660843467e-01 2.165593628488058642e-01 1.311852644861418948e+00
2.216856138660843467e-01 2.165593628488058642e-01 1.411852644861419037e+00
2.216856138660843467e-01 3.165593628488058697e-01 9.118526448614185931e-01
2.216856138660843467e-01 3.165593628488058697e-01 1.011852644861418682e+00
2.216856138660843467e-01 3.165593628488058697e-01 1.111852644861418771e+00
3.216856138660843523e-01 -1.834406371511941580e-01 8.118526448614186153e-01
3.216856138660843523e-01 -1.834406371511941580e-01 9.118526448614185931e-01
3.216856138660843523e-01 -1.834406371511941580e-01 1.011852644861418682e+00
3.216856138660843523e-01 -1.834406371511941580e-01 1.111852644861418771e+00
3.216856138660843523e-01 -1.834406371511941580e-01 1.211852644861418860e+00
3.216856138660843523e-01 -8.344063715119415248e-02 6.118526448614186597e-01
3.216856138660843523e-01 -8.344063715119415248e-02 7.118526448614186375e-01
3.216856138660843523e-01 -8.344063715119415248e-02 8.118526448614186153e-01
3.216856138660843523e-01 -8.344063715119415248e-02 9.118526448614185931e-01
3.216856138660843523e-01 -8.344063715119415248e-02 1.011852644861418682e+00
3.216856138660843523e-01 -8.344063715119415248e-02 1.111852644861418771e+00
3.216856138660843523e-01 -8.344063715119415248e-02 1.211852644861418860e+00
3.216856138660843523e-01 -8.344063715119415248e-02 1.311852644861418948e+00
3.216856138660843523e-01 1.655936284880585307e-02 6.118526448614186597e-01
3.216856138660843523e-01 1.655936284880585307e-02 7.118526448614186375e-01
3.216856138660843523e-01 1.655936284880585307e-02 8.118526448614186153e-01
3.216856138660843523e-01 1.655936284880585307e-02 9.118526448614185931e-01
3.216856138660843523e-01 1.655936284880585307e-02 1.011852644861418682e+00
3.216856138660843523e-01 1.655936284880585307e-02 1.111852644861418771e+00
3.216856138660843523e-01 1.655936284880585307e-02 1.211852644861418860e+00
3.216856138660843523e-01 1.655936284880585307e-02 1.311852644861418948e+00
3.216856138660843523e-01 1.655936284880585307e-02 1.411852644861419037e+00
3.216856138660843523e-01 1.165593628488058586e-01 7.118526448614186375e-01
3.216856138660843523e-01 1.165593628488058586e-01 8.118526448614186153e-01
3.216856138660843523e-01 1.165593628488058586e-01 9.118526448614185931e-01
3.216856138660843523e-01 1.165593628488058586e-01 1.011852644861418682e+00
3.216856138660843523e-01 1.165593628488058586e-01 1.111852644861418771e+00
3.216856138660843523e-01 1.165593628488058586e-01 1.211852644861418860e+00
3.216856138660843523e-01 1.165593628488058586e-01 1.311852644861418948e+00
3.216856138660843523e-01 2.165593628488058642e-01 9.118526448614185931e-01
3.216856138660843523e-01 2.165593628488058642e-01 1.011852644861418682e+00
3.216856138660843523e-01 2.165593628488058642e-01 1.111852644861418771e+00
